0.00, 0
0.01, 0
0.02, 0
0.03, 0
0.04, 0
0.05, 0
0.06, 0
0.07, 37
0.08, 13
0.09, 7
0.10, 7
0.11, 11
0.12, 19
0.13, 23
0.14, 28
0.15, 32
0.16, 36
0.17, 32
0.18, 40
0.19, 29
0.20, 37
0.21, 28
0.22, 47
0.23, 80
0.24, 125
0.25, 234
0.26, 350
0.27, 462
0.28, 504
0.29, 463
0.30, 341
0.31, 174
0.32, 94
0.33, 47
0.34, 27
0.35, 21
0.36, 21
0.37, 25
0.38, 22
0.39, 35
0.40, 38
0.41, 31
0.42, 41
0.43, 25
0.44, 32
0.45, 39
0.46, 50
0.47, 72
0.48, 105
0.49, 204
0.50, 325
0.51, 444
0.52, 647
0.53, 699
0.54, 619
0.55, 516
0.56, 317
0.57, 207
0.58, 96
0.59, 67
0.60, 49
0.61, 34
0.62, 32
0.63, 28
0.64, 37
0.65, 25
0.66, 34
0.67, 34
0.68, 35
0.69, 43
0.70, 31
0.71, 33
0.72, 38
0.73, 36
0.74, 48
0.75, 44
0.76, 29
0.77, 42
0.78, 37
0.79, 39
0.80, 44
0.81, 34
0.82, 44
0.83, 34
0.84, 37
0.85, 38
0.86, 47
0.87, 51
0.88, 38
0.89, 35
0.90, 50
0.91, 38
0.92, 37
0.93, 39
0.94, 37
0.95, 33
0.96, 42
0.97, 43
0.98, 41
0.99, 40
1.00, 44
1.01, 34
1.02, 55
1.03, 57
1.04, 36
1.05, 48
1.06, 42
1.07, 52
1.08, 46
1.09, 42
1.10, 40
1.11, 42
1.12, 47
1.13, 36
1.14, 48
1.15, 45
1.16, 39
1.17, 51
1.18, 41
1.19, 54
1.20, 46
1.21, 54
1.22, 50
1.23, 47
1.24, 43
1.25, 56
1.26, 50
1.27, 65
1.28, 38
1.29, 40
1.30, 46
1.31, 34
1.32, 47
1.33, 46
1.34, 33
1.35, 49
1.36, 34
1.37, 51
1.38, 44
1.39, 39
1.40, 38
1.41, 64
1.42, 62
1.43, 77
1.44, 113
1.45, 145
1.46, 205
1.47, 245
1.48, 349
1.49, 396
1.50, 402
1.51, 329
1.52, 330
1.53, 248
1.54, 176
1.55, 147
1.56, 91
1.57, 84
1.58, 58
1.59, 47
1.60, 51
1.61, 40
1.62, 37
1.63, 37
1.64, 25
1.65, 29
1.66, 46
1.67, 55
1.68, 77
1.69, 81
1.70, 91
1.71, 130
1.72, 197
1.73, 220
1.74, 256
1.75, 255
1.76, 266
1.77, 198
1.78, 188
1.79, 156
1.80, 119
1.81, 70
1.82, 67
1.83, 65
1.84, 59
1.85, 56
1.86, 49
1.87, 57
1.88, 44
1.89, 34
1.90, 40
1.91, 35
1.92, 36
1.93, 36
1.94, 33
1.95, 34
1.96, 29
1.97, 38
1.98, 43
1.99, 41
2.00, 48
2.01, 39
2.02, 45
2.03, 43
2.04, 50
2.05, 32
2.06, 34
2.07, 35
2.08, 39
2.09, 27
2.10, 30
2.11, 44
2.12, 47
2.13, 54
2.14, 58
2.15, 72
2.16, 90
2.17, 104
2.18, 143
2.19, 167
2.20, 139
2.21, 169
2.22, 160
2.23, 164
2.24, 143
2.25, 155
2.26, 171
2.27, 178
2.28, 211
2.29, 301
2.30, 303
2.31, 316
2.32, 335
2.33, 397
2.34, 335
2.35, 317
2.36, 298
2.37, 253
2.38, 220
2.39, 191
2.40, 138
2.41, 140
2.42, 130
2.43, 148
2.44, 138
2.45, 157
2.46, 130
2.47, 142
2.48, 97
2.49, 121
2.50, 83
2.51, 63
2.52, 68
2.53, 47
2.54, 48
2.55, 38
2.56, 36
2.57, 27
2.58, 28
2.59, 34
2.60, 31
2.61, 31
2.62, 49
2.63, 32
2.64, 39
2.65, 31
2.66, 43
2.67, 49
2.68, 42
2.69, 29
2.70, 33
2.71, 30
2.72, 27
2.73, 21
2.74, 21
2.75, 35
2.76, 29
2.77, 12
2.78, 16
2.79, 32
2.80, 28
2.81, 22
2.82, 30
2.83, 33
2.84, 22
2.85, 16
2.86, 17
2.87, 24
2.88, 27
2.89, 21
2.90, 26
2.91, 19
2.92, 17
2.93, 21
2.94, 19
2.95, 15
2.96, 17
2.97, 25
2.98, 20
2.99, 24
3.00, 28
3.01, 9
3.02, 31
3.03, 32
3.04, 29
3.05, 30
3.06, 21
3.07, 17
3.08, 19
3.09, 19
3.10, 21
3.11, 12
3.12, 26
3.13, 23
3.14, 25
3.15, 22
3.16, 16
3.17, 20
3.18, 21
3.19, 15
3.20, 29
3.21, 17
3.22, 23
3.23, 19
3.24, 22
3.25, 13
3.26, 22
3.27, 21
3.28, 21
3.29, 28
3.30, 21
3.31, 20
3.32, 24
3.33, 17
3.34, 19
3.35, 17
3.36, 20
3.37, 13
3.38, 18
3.39, 17
3.40, 19
3.41, 27
3.42, 19
3.43, 18
3.44, 22
3.45, 20
3.46, 22
3.47, 19
3.48, 16
3.49, 17
3.50, 22
3.51, 16
3.52, 22
3.53, 19
3.54, 18
3.55, 16
3.56, 30
3.57, 19
3.58, 17
3.59, 23
3.60, 23
3.61, 18
3.62, 26
3.63, 34
3.64, 46
3.65, 36
3.66, 37
3.67, 46
3.68, 61
3.69, 60
3.70, 52
3.71, 65
3.72, 50
3.73, 49
3.74, 46
3.75, 33
3.76, 35
3.77, 36
3.78, 36
3.79, 23
3.80, 23
3.81, 10
3.82, 20
3.83, 10
3.84, 16
3.85, 22
3.86, 12
3.87, 17
3.88, 16
3.89, 11
3.90, 10
3.91, 18
3.92, 24
3.93, 29
3.94, 24
3.95, 21
3.96, 24
3.97, 19
3.98, 18
3.99, 21
4.00, 22
4.01, 29
4.02, 18
4.03, 27
4.04, 22
4.05, 25
4.06, 16
4.07, 17
4.08, 12
4.09, 19
4.10, 15
4.11, 16
4.12, 23
4.13, 24
4.14, 10
4.15, 10
4.16, 20
4.17, 9
4.18, 12
4.19, 18
4.20, 20
4.21, 12
4.22, 10
4.23, 13
4.24, 12
4.25, 16
4.26, 9
4.27, 11
4.28, 10
4.29, 16
4.30, 13
4.31, 21
4.32, 12
4.33, 14
4.34, 13
4.35, 16
4.36, 20
4.37, 11
4.38, 12
4.39, 22
4.40, 10
4.41, 19
4.42, 15
4.43, 15
4.44, 20
4.45, 24
4.46, 20
4.47, 34
4.48, 12
4.49, 27
4.50, 24
4.51, 18
4.52, 23
4.53, 20
4.54, 26
4.55, 9
4.56, 13
4.57, 13
4.58, 15
4.59, 19
4.60, 15
4.61, 15
4.62, 8
4.63, 17
4.64, 28
4.65, 11
4.66, 22
4.67, 13
4.68, 7
4.69, 19
4.70, 12
4.71, 14
4.72, 11
4.73, 18
4.74, 14
4.75, 13
4.76, 10
4.77, 16
4.78, 15
4.79, 10
4.80, 12
4.81, 21
4.82, 14
4.83, 15
4.84, 31
4.85, 12
4.86, 29
4.87, 18
4.88, 15
4.89, 10
4.90, 11
4.91, 20
4.92, 10
4.93, 21
4.94, 11
4.95, 15
4.96, 18
4.97, 15
4.98, 21
4.99, 14
5.00, 14
5.01, 9
5.02, 11
5.03, 11
5.04, 10
5.05, 15
5.06, 12
5.07, 2
5.08, 8
5.09, 9
5.10, 12
5.11, 17
5.12, 7
5.13, 19
5.14, 13
5.15, 17
5.16, 13
5.17, 11
5.18, 23
5.19, 9
5.20, 4
5.21, 16
5.22, 11
5.23, 10
5.24, 12
5.25, 14
5.26, 16
5.27, 14
5.28, 20
5.29, 11
5.30, 11
5.31, 15
5.32, 4
5.33, 9
5.34, 18
5.35, 18
5.36, 21
5.37, 29
5.38, 39
5.39, 24
5.40, 30
5.41, 31
5.42, 24
5.43, 26
5.44, 30
5.45, 28
5.46, 23
5.47, 23
5.48, 19
5.49, 23
5.50, 15
5.51, 14
5.52, 14
5.53, 9
5.54, 17
5.55, 15
5.56, 12
5.57, 11
5.58, 14
5.59, 10
5.60, 15
5.61, 3
5.62, 10
5.63, 8
5.64, 9
5.65, 8
5.66, 9
5.67, 13
5.68, 8
5.69, 12
5.70, 11
5.71, 11
5.72, 12
5.73, 8
5.74, 15
5.75, 9
5.76, 9
5.77, 12
5.78, 14
5.79, 10
5.80, 11
5.81, 17
5.82, 10
5.83, 14
5.84, 13
5.85, 8
5.86, 15
5.87, 11
5.88, 13
5.89, 16
5.90, 13
5.91, 12
5.92, 9
5.93, 10
5.94, 14
5.95, 12
5.96, 14
5.97, 11
5.98, 14
5.99, 6
6.00, 13
6.01, 17
6.02, 10
6.03, 10
6.04, 11
6.05, 14
6.06, 4
6.07, 11
6.08, 13
6.09, 9
6.10, 8
6.11, 14
6.12, 9
6.13, 5
6.14, 8
6.15, 9
6.16, 6
6.17, 12
6.18, 10
6.19, 9
6.20, 9
6.21, 5
6.22, 13
6.23, 15
6.24, 8
6.25, 10
6.26, 13
6.27, 9
6.28, 13
6.29, 8
6.30, 8
6.31, 16
6.32, 12
6.33, 12
6.34, 18
6.35, 6
6.36, 16
6.37, 17
6.38, 13
6.39, 7
6.40, 22
6.41, 15
6.42, 8
6.43, 11
6.44, 16
6.45, 16
6.46, 17
6.47, 5
6.48, 10
6.49, 17
6.50, 14
6.51, 13
6.52, 15
6.53, 10
6.54, 12
6.55, 11
6.56, 10
6.57, 14
6.58, 7
6.59, 6
6.60, 15
6.61, 8
6.62, 19
6.63, 10
6.64, 10
6.65, 10
6.66, 11
6.67, 10
6.68, 9
6.69, 4
6.70, 10
6.71, 6
6.72, 10
6.73, 5
6.74, 7
6.75, 12
6.76, 11
6.77, 8
6.78, 10
6.79, 12
6.80, 10
6.81, 8
6.82, 13
6.83, 7
6.84, 12
6.85, 7
6.86, 9
6.87, 4
6.88, 9
6.89, 8
6.90, 6
6.91, 7
6.92, 6
6.93, 8
6.94, 8
6.95, 13
6.96, 5
6.97, 8
6.98, 6
6.99, 7
7.00, 11
7.01, 8
7.02, 10
7.03, 9
7.04, 11
7.05, 14
7.06, 12
7.07, 9
7.08, 15
7.09, 10
7.10, 9
7.11, 5
7.12, 11
7.13, 10
7.14, 11
7.15, 8
7.16, 8
7.17, 7
7.18, 10
7.19, 5
7.20, 9
7.21, 7
7.22, 6
7.23, 7
7.24, 8
7.25, 14
7.26, 10
7.27, 8
7.28, 5
7.29, 4
7.30, 6
7.31, 6
7.32, 6
7.33, 4
7.34, 8
7.35, 6
7.36, 7
7.37, 10
7.38, 3
7.39, 8
7.40, 12
7.41, 9
7.42, 7
7.43, 8
7.44, 11
7.45, 12
7.46, 7
7.47, 7
7.48, 6
7.49, 9
7.50, 9
7.51, 4
7.52, 9
7.53, 8
7.54, 9
7.55, 9
7.56, 6
7.57, 10
7.58, 8
7.59, 4
7.60, 2
7.61, 5
7.62, 8
7.63, 6
7.64, 6
7.65, 6
7.66, 5
7.67, 6
7.68, 11
7.69, 4
7.70, 5
7.71, 6
7.72, 11
7.73, 8
7.74, 9
7.75, 10
7.76, 7
7.77, 8
7.78, 10
7.79, 5
7.80, 3
7.81, 11
7.82, 4
7.83, 8
7.84, 10
7.85, 9
7.86, 10
7.87, 8
7.88, 9
7.89, 12
7.90, 4
7.91, 5
7.92, 5
7.93, 4
7.94, 8
7.95, 13
7.96, 6
7.97, 8
7.98, 5
7.99, 8
8.00, 4
8.01, 5
8.02, 7
8.03, 5
8.04, 4
8.05, 14
8.06, 8
8.07, 5
8.08, 6
8.09, 6
8.10, 8
8.11, 9
8.12, 6
8.13, 5
8.14, 7
8.15, 2
8.16, 7
8.17, 6
8.18, 3
8.19, 5
8.20, 8
8.21, 6
8.22, 6
8.23, 3
8.24, 6
8.25, 7
8.26, 6
8.27, 4
8.28, 6
8.29, 5
8.30, 7
8.31, 6
8.32, 6
8.33, 7
8.34, 8
8.35, 1
8.36, 6
8.37, 7
8.38, 6
8.39, 8
8.40, 4
8.41, 5
8.42, 5
8.43, 9
8.44, 6
8.45, 5
8.46, 6
8.47, 9
8.48, 3
8.49, 5
8.50, 6
8.51, 3
8.52, 9
8.53, 6
8.54, 7
8.55, 5
8.56, 8
8.57, 3
8.58, 7
8.59, 8
8.60, 7
8.61, 5
8.62, 4
8.63, 6
8.64, 2
8.65, 6
8.66, 10
8.67, 7
8.68, 5
8.69, 9
8.70, 10
8.71, 6
8.72, 6
8.73, 8
8.74, 4
8.75, 13
8.76, 8
8.77, 6
8.78, 8
8.79, 4
8.80, 6
8.81, 5
8.82, 7
8.83, 7
8.84, 5
8.85, 4
8.86, 10
8.87, 3
8.88, 3
8.89, 3
8.90, 5
8.91, 7
8.92, 8
8.93, 8
8.94, 2
8.95, 8
8.96, 9
8.97, 4
8.98, 5
8.99, 4
9.00, 4
9.01, 5
9.02, 3
9.03, 5
9.04, 6
9.05, 5
9.06, 7
9.07, 3
9.08, 4
9.09, 10
9.10, 2
9.11, 5
9.12, 8
9.13, 6
9.14, 1
9.15, 10
9.16, 5
9.17, 6
9.18, 11
9.19, 3
9.20, 8
9.21, 4
9.22, 7
9.23, 10
9.24, 2
9.25, 5
9.26, 6
9.27, 6
9.28, 4
9.29, 7
9.30, 5
9.31, 4
9.32, 6
9.33, 3
9.34, 5
9.35, 7
9.36, 9
9.37, 5
9.38, 4
9.39, 6
9.40, 6
9.41, 8
9.42, 7
9.43, 1
9.44, 4
9.45, 4
9.46, 5
9.47, 9
9.48, 6
9.49, 3
9.50, 4
9.51, 8
9.52, 4
9.53, 4
9.54, 4
9.55, 6
9.56, 7
9.57, 5
9.58, 5
9.59, 2
9.60, 5
9.61, 2
9.62, 2
9.63, 5
9.64, 4
9.65, 11
9.66, 4
9.67, 7
9.68, 3
9.69, 5
9.70, 7
9.71, 6
9.72, 5
9.73, 6
9.74, 1
9.75, 2
9.76, 4
9.77, 3
9.78, 6
9.79, 5
9.80, 2
9.81, 8
9.82, 8
9.83, 2
9.84, 4
9.85, 6
9.86, 8
9.87, 3
9.88, 8
9.89, 2
9.90, 5
9.91, 6
9.92, 4
9.93, 4
9.94, 4
9.95, 4
9.96, 4
9.97, 2
9.98, 4
9.99, 7
10.00, 3
10.01, 3
10.02, 4
10.03, 3
10.04, 5
10.05, 5
10.06, 5
10.07, 6
10.08, 5
10.09, 4
10.10, 5
10.11, 1
10.12, 5
10.13, 6
10.14, 7
10.15, 4
10.16, 3
10.17, 2
10.18, 4
10.19, 3
10.20, 2
10.21, 4
10.22, 3
10.23, 4
10.24, 9
10.25, 7
10.26, 4
10.27, 3
10.28, 4
10.29, 3
10.30, 4
10.31, 3
10.32, 3
10.33, 7
10.34, 3
10.35, 4
10.36, 4
10.37, 3
10.38, 4
10.39, 3
10.40, 5
10.41, 3
10.42, 4
10.43, 3
10.44, 5
10.45, 1
10.46, 2
10.47, 5
10.48, 2
10.49, 3
10.50, 6
10.51, 7
10.52, 7
10.53, 5
10.54, 2
10.55, 6
10.56, 3
10.57, 2
10.58, 3
10.59, 3
10.60, 2
10.61, 4
10.62, 5
10.63, 2
10.64, 7
10.65, 4
10.66, 5
10.67, 6
10.68, 4
10.69, 4
10.70, 4
10.71, 5
10.72, 4
10.73, 3
10.74, 8
10.75, 3
10.76, 8
10.77, 1
10.78, 2
10.79, 3
10.80, 2
10.81, 0
10.82, 5
10.83, 5
10.84, 4
10.85, 6
10.86, 3
10.87, 2
10.88, 4
10.89, 4
10.90, 5
10.91, 9
10.92, 5
10.93, 5
10.94, 3
10.95, 3
10.96, 0
10.97, 3
10.98, 10
10.99, 5
11.00, 1
11.01, 4
11.02, 3
11.03, 4
11.04, 4
11.05, 7
11.06, 4
11.07, 4
11.08, 2
11.09, 2
11.10, 1
11.11, 2
11.12, 4
11.13, 1
11.14, 4
11.15, 2
11.16, 2
11.17, 2
11.18, 5
11.19, 3
11.20, 2
11.21, 6
11.22, 1
11.23, 4
11.24, 1
11.25, 1
11.26, 2
11.27, 3
11.28, 1
11.29, 3
11.30, 3
11.31, 3
11.32, 2
11.33, 3
11.34, 3
11.35, 3
11.36, 4
11.37, 2
11.38, 2
11.39, 7
11.40, 4
11.41, 5
11.42, 1
11.43, 9
11.44, 4
11.45, 6
11.46, 1
11.47, 2
11.48, 5
11.49, 2
11.50, 3
11.51, 4
11.52, 5
11.53, 2
11.54, 0
11.55, 4
11.56, 2
11.57, 2
11.58, 2
11.59, 7
11.60, 2
11.61, 3
11.62, 4
11.63, 3
11.64, 3
11.65, 2
11.66, 4
11.67, 2
11.68, 4
11.69, 3
11.70, 3
11.71, 2
11.72, 4
11.73, 3
11.74, 1
11.75, 3
11.76, 4
11.77, 6
11.78, 3
11.79, 2
11.80, 1
11.81, 1
11.82, 4
11.83, 0
11.84, 4
11.85, 5
11.86, 5
11.87, 2
11.88, 2
11.89, 2
11.90, 2
11.91, 5
11.92, 4
11.93, 1
11.94, 6
11.95, 2
11.96, 0
11.97, 2
11.98, 2
11.99, 0
12.00, 2
12.01, 4
12.02, 4
12.03, 0
12.04, 4
12.05, 3
12.06, 3
12.07, 2
12.08, 1
12.09, 3
12.10, 0
12.11, 0
12.12, 1
12.13, 5
12.14, 4
12.15, 1
12.16, 6
12.17, 1
12.18, 3
12.19, 3
12.20, 0
12.21, 3
12.22, 0
12.23, 2
12.24, 2
12.25, 3
12.26, 3
12.27, 0
12.28, 4
12.29, 5
12.30, 0
12.31, 5
12.32, 2
12.33, 5
12.34, 4
12.35, 4
12.36, 2
12.37, 3
12.38, 5
12.39, 5
12.40, 1
12.41, 2
12.42, 3
12.43, 0
12.44, 2
12.45, 4
12.46, 4
12.47, 6
12.48, 1
12.49, 0
12.50, 4
12.51, 0
12.52, 3
12.53, 3
12.54, 2
12.55, 1
12.56, 2
12.57, 3
12.58, 3
12.59, 3
12.60, 3
12.61, 2
12.62, 1
12.63, 6
12.64, 2
12.65, 3
12.66, 3
12.67, 2
12.68, 4
12.69, 1
12.70, 3
12.71, 0
12.72, 3
12.73, 3
12.74, 2
12.75, 2
12.76, 4
12.77, 2
12.78, 3
12.79, 1
12.80, 6
12.81, 5
12.82, 4
12.83, 3
12.84, 1
12.85, 2
12.86, 2
12.87, 1
12.88, 3
12.89, 0
12.90, 3
12.91, 2
12.92, 2
12.93, 4
12.94, 2
12.95, 4
12.96, 0
12.97, 4
12.98, 1
12.99, 3
13.00, 1
13.01, 3
13.02, 5
13.03, 2
13.04, 3
13.05, 5
13.06, 4
13.07, 8
13.08, 4
13.09, 5
13.10, 1
13.11, 3
13.12, 0
13.13, 6
13.14, 3
13.15, 3
13.16, 5
13.17, 5
13.18, 4
13.19, 2
13.20, 7
13.21, 1
13.22, 4
13.23, 3
13.24, 4
13.25, 8
13.26, 4
13.27, 1
13.28, 5
13.29, 3
13.30, 3
13.31, 2
13.32, 2
13.33, 0
13.34, 4
13.35, 2
13.36, 3
13.37, 3
13.38, 3
13.39, 4
13.40, 1
13.41, 5
13.42, 5
13.43, 3
13.44, 1
13.45, 2
13.46, 2
13.47, 3
13.48, 2
13.49, 4
13.50, 4
13.51, 2
13.52, 2
13.53, 3
13.54, 1
13.55, 3
13.56, 0
13.57, 3
13.58, 3
13.59, 3
13.60, 2
13.61, 5
13.62, 3
13.63, 5
13.64, 6
13.65, 5
13.66, 3
13.67, 3
13.68, 3
13.69, 4
13.70, 1
13.71, 3
13.72, 3
13.73, 4
13.74, 1
13.75, 4
13.76, 5
13.77, 3
13.78, 2
13.79, 6
13.80, 9
13.81, 3
13.82, 10
13.83, 2
13.84, 1
13.85, 4
13.86, 4
13.87, 4
13.88, 7
13.89, 6
13.90, 2
13.91, 2
13.92, 3
13.93, 2
13.94, 6
13.95, 1
13.96, 1
13.97, 1
13.98, 4
13.99, 3
14.00, 1
14.01, 3
14.02, 0
14.03, 4
14.04, 5
14.05, 4
14.06, 1
14.07, 3
14.08, 1
14.09, 4
14.10, 3
14.11, 5
14.12, 0
14.13, 7
14.14, 3
14.15, 2
14.16, 2
14.17, 3
14.18, 0
14.19, 4
14.20, 3
14.21, 4
14.22, 2
14.23, 5
14.24, 6
14.25, 4
14.26, 4
14.27, 2
14.28, 2
14.29, 4
14.30, 0
14.31, 6
14.32, 4
14.33, 9
14.34, 5
14.35, 1
14.36, 3
14.37, 4
14.38, 3
14.39, 5
14.40, 5
14.41, 3
14.42, 2
14.43, 4
14.44, 5
14.45, 3
14.46, 3
14.47, 1
14.48, 3
14.49, 2
14.50, 1
14.51, 3
14.52, 4
14.53, 1
14.54, 5
14.55, 3
14.56, 3
14.57, 3
14.58, 4
14.59, 2
14.60, 3
14.61, 3
14.62, 5
14.63, 1
14.64, 5
14.65, 3
14.66, 0
14.67, 4
14.68, 6
14.69, 1
14.70, 7
14.71, 1
14.72, 1
14.73, 3
14.74, 3
14.75, 2
14.76, 3
14.77, 0
14.78, 4
14.79, 2
14.80, 0
14.81, 6
14.82, 3
14.83, 4
14.84, 5
14.85, 2
14.86, 1
14.87, 3
14.88, 2
14.89, 1
14.90, 5
14.91, 7
14.92, 0
14.93, 2
14.94, 2
14.95, 5
14.96, 2
14.97, 3
14.98, 1
14.99, 2
15.00, 2
15.01, 2
15.02, 1
15.03, 3
15.04, 4
15.05, 1
15.06, 2
15.07, 1
15.08, 6
15.09, 11
15.10, 1
15.11, 3
15.12, 4
15.13, 3
15.14, 3
15.15, 1
15.16, 3
15.17, 2
15.18, 2
15.19, 5
15.20, 5
15.21, 2
15.22, 3
15.23, 2
15.24, 1
15.25, 2
15.26, 1
15.27, 1
15.28, 5
15.29, 3
15.30, 3
15.31, 4
15.32, 6
15.33, 0
15.34, 3
15.35, 2
15.36, 3
15.37, 4
15.38, 1
15.39, 5
15.40, 3
15.41, 3
15.42, 4
15.43, 4
15.44, 1
15.45, 1
15.46, 4
15.47, 3
15.48, 2
15.49, 3
15.50, 4
15.51, 0
15.52, 2
15.53, 3
15.54, 1
15.55, 2
15.56, 4
15.57, 1
15.58, 0
15.59, 2
15.60, 0
15.61, 1
15.62, 1
15.63, 3
15.64, 0
15.65, 2
15.66, 4
15.67, 6
15.68, 4
15.69, 5
15.70, 2
15.71, 2
15.72, 2
15.73, 3
15.74, 3
15.75, 3
15.76, 3
15.77, 2
15.78, 2
15.79, 5
15.80, 2
15.81, 0
15.82, 4
15.83, 3
15.84, 3
15.85, 5
15.86, 4
15.87, 3
15.88, 2
15.89, 3
15.90, 4
15.91, 3
15.92, 2
15.93, 1
15.94, 2
15.95, 2
15.96, 0
15.97, 6
15.98, 1
15.99, 1
16.00, 4
16.01, 3
16.02, 2
16.03, 2
16.04, 4
16.05, 2
16.06, 1
16.07, 1
16.08, 2
16.09, 4
16.10, 6
16.11, 2
16.12, 0
16.13, 5
16.14, 1
16.15, 0
16.16, 5
16.17, 2
16.18, 2
16.19, 4
16.20, 3
16.21, 2
16.22, 1
16.23, 2
16.24, 3
16.25, 1
16.26, 3
16.27, 2
16.28, 1
16.29, 2
16.30, 3
16.31, 1
16.32, 4
16.33, 5
16.34, 1
16.35, 1
16.36, 4
16.37, 3
16.38, 3
16.39, 3
16.40, 2
16.41, 2
16.42, 1
16.43, 3
16.44, 2
16.45, 1
16.46, 7
16.47, 6
16.48, 1
16.49, 5
16.50, 1
16.51, 9
16.52, 1
16.53, 5
16.54, 1
16.55, 2
16.56, 2
16.57, 2
16.58, 2
16.59, 2
16.60, 0
16.61, 3
16.62, 1
16.63, 0
16.64, 1
16.65, 3
16.66, 4
16.67, 2
16.68, 2
16.69, 1
16.70, 0
16.71, 1
16.72, 2
16.73, 4
16.74, 4
16.75, 1
16.76, 3
16.77, 5
16.78, 4
16.79, 2
16.80, 0
16.81, 1
16.82, 1
16.83, 2
16.84, 0
16.85, 1
16.86, 5
16.87, 3
16.88, 5
16.89, 1
16.90, 0
16.91, 3
16.92, 5
16.93, 0
16.94, 1
16.95, 0
16.96, 0
16.97, 4
16.98, 1
16.99, 1
17.00, 1
17.01, 2
17.02, 2
17.03, 1
17.04, 4
17.05, 1
17.06, 1
17.07, 1
17.08, 3
17.09, 1
17.10, 3
17.11, 3
17.12, 1
17.13, 0
17.14, 3
17.15, 0
17.16, 1
17.17, 1
17.18, 2
17.19, 0
17.20, 1
17.21, 2
17.22, 3
17.23, 2
17.24, 1
17.25, 1
17.26, 2
17.27, 3
17.28, 5
17.29, 2
17.30, 2
17.31, 1
17.32, 2
17.33, 0
17.34, 0
17.35, 1
17.36, 2
17.37, 1
17.38, 2
17.39, 3
17.40, 3
17.41, 1
17.42, 1
17.43, 2
17.44, 3
17.45, 1
17.46, 2
17.47, 0
17.48, 0
17.49, 0
17.50, 3
17.51, 0
17.52, 1
17.53, 4
17.54, 2
17.55, 0
17.56, 1
17.57, 1
17.58, 1
17.59, 1
17.60, 1
17.61, 3
17.62, 2
17.63, 1
17.64, 0
17.65, 4
17.66, 2
17.67, 0
17.68, 3
17.69, 2
17.70, 2
17.71, 1
17.72, 1
17.73, 1
17.74, 3
17.75, 2
17.76, 0
17.77, 1
17.78, 0
17.79, 2
17.80, 2
17.81, 2
17.82, 1
17.83, 2
17.84, 2
17.85, 1
17.86, 1
17.87, 2
17.88, 1
17.89, 4
17.90, 0
17.91, 1
17.92, 3
17.93, 1
17.94, 0
17.95, 0
17.96, 2
17.97, 1
17.98, 1
17.99, 1
18.00, 4
18.01, 1
18.02, 0
18.03, 1
18.04, 2
18.05, 0
18.06, 2
18.07, 2
18.08, 2
18.09, 0
18.10, 1
18.11, 0
18.12, 0
18.13, 1
18.14, 0
18.15, 0
18.16, 0
18.17, 0
18.18, 1
18.19, 0
18.20, 0
18.21, 3
18.22, 1
18.23, 1
18.24, 0
18.25, 0
18.26, 1
18.27, 1
18.28, 1
18.29, 0
18.30, 0
18.31, 1
18.32, 0
18.33, 1
18.34, 0
18.35, 0
18.36, 0
18.37, 3
18.38, 1
18.39, 1
18.40, 4
18.41, 1
18.42, 1
18.43, 0
18.44, 0
18.45, 0
18.46, 1
18.47, 0
18.48, 0
18.49, 0
18.50, 1
18.51, 1
18.52, 0
18.53, 0
18.54, 0
18.55, 0
18.56, 0
18.57, 1
18.58, 0
18.59, 1
18.60, 0
18.61, 0
18.62, 0
18.63, 1
18.64, 0
18.65, 0
18.66, 0
18.67, 1
18.68, 2
18.69, 0
18.70, 1
18.71, 0
18.72, 2
18.73, 0
18.74, 0
18.75, 0
18.76, 0
18.77, 0
18.78, 1
18.79, 0
18.80, 0
18.81, 0
18.82, 0
18.83, 1
18.84, 0
18.85, 2
18.86, 0
18.87, 1
18.88, 1
18.89, 0
18.90, 0
18.91, 0
18.92, 1
18.93, 1
18.94, 2
18.95, 1
18.96, 2
18.97, 0
18.98, 1
18.99, 0
19.00, 1
19.01, 0
19.02, 0
19.03, 0
19.04, 0
19.05, 0
19.06, 1
19.07, 0
19.08, 0
19.09, 0
19.10, 0
19.11, 0
19.12, 0
19.13, 0
19.14, 0
19.15, 0
19.16, 0
19.17, 0
19.18, 0
19.19, 0
19.20, 0
19.21, 0
19.22, 0
19.23, 0
19.24, 0
19.25, 0
19.26, 0
19.27, 0
19.28, 0
19.29, 0
19.30, 1
19.31, 0
19.32, 0
19.33, 0
19.34, 0
19.35, 0
19.36, 0
19.37, 0
19.38, 0
19.39, 0
19.40, 0
19.41, 1
19.42, 0
19.43, 0
19.44, 0
19.45, 0
19.46, 0
19.47, 0
19.48, 0
19.49, 0
19.50, 0
19.51, 0
19.52, 0
19.53, 0
19.54, 0
19.55, 0
19.56, 0
19.57, 0
19.58, 0
19.59, 0
19.60, 0
19.61, 0
19.62, 0
19.63, 0
19.64, 0
19.65, 0
19.66, 0
19.67, 0
19.68, 0
19.69, 0
19.70, 0
19.71, 0
19.72, 0
19.73, 0
19.74, 0
19.75, 0
19.76, 0
19.77, 0
19.78, 0
19.79, 0
19.80, 0
19.81, 0
19.82, 0
19.83, 0
19.84, 0
19.85, 0
19.86, 0
19.87, 0
19.88, 0
19.89, 0
19.90, 0
19.91, 0
19.92, 0
19.93, 0
19.94, 0
19.95, 0
19.96, 0
19.97, 0
19.98, 0
19.99, 0
20.00, 0
20.01, 0
20.02, 0
20.03, 0
20.04, 0
20.05, 0
20.06, 0
20.07, 0
20.08, 0
20.09, 0
20.10, 0
20.11, 0
20.12, 0
20.13, 0
20.14, 0
20.15, 0
20.16, 0
20.17, 0
20.18, 0
20.19, 0
20.20, 0
20.21, 0
20.22, 0
20.23, 0
20.24, 0
20.25, 0
20.26, 0
20.27, 0
20.28, 0
20.29, 0
20.30, 0
20.31, 0
20.32, 0
20.33, 0
20.34, 0
20.35, 0
20.36, 0
20.37, 0
20.38, 0
20.39, 0
20.40, 0
20.41, 0
20.42, 0
20.43, 0
20.44, 0
20.45, 0
20.46, 0
20.47, 0
