0.00, 0
0.01, 0
0.02, 0
0.03, 0
0.04, 0
0.05, 0
0.06, 0
0.07, 35
0.08, 14
0.09, 3
0.10, 6
0.11, 6
0.12, 5
0.13, 9
0.14, 10
0.15, 6
0.16, 9
0.17, 8
0.18, 9
0.19, 7
0.20, 9
0.21, 12
0.22, 21
0.23, 33
0.24, 77
0.25, 109
0.26, 189
0.27, 278
0.28, 280
0.29, 247
0.30, 164
0.31, 98
0.32, 54
0.33, 24
0.34, 13
0.35, 7
0.36, 3
0.37, 15
0.38, 10
0.39, 13
0.40, 15
0.41, 17
0.42, 7
0.43, 8
0.44, 10
0.45, 12
0.46, 17
0.47, 37
0.48, 53
0.49, 97
0.50, 175
0.51, 251
0.52, 327
0.53, 356
0.54, 319
0.55, 267
0.56, 174
0.57, 79
0.58, 42
0.59, 19
0.60, 16
0.61, 5
0.62, 2
0.63, 3
0.64, 3
0.65, 3
0.66, 5
0.67, 7
0.68, 8
0.69, 8
0.70, 5
0.71, 7
0.72, 10
0.73, 11
0.74, 10
0.75, 9
0.76, 5
0.77, 8
0.78, 6
0.79, 6
0.80, 6
0.81, 3
0.82, 12
0.83, 5
0.84, 8
0.85, 9
0.86, 9
0.87, 5
0.88, 6
0.89, 2
0.90, 10
0.91, 12
0.92, 8
0.93, 11
0.94, 7
0.95, 12
0.96, 5
0.97, 6
0.98, 8
0.99, 10
1.00, 9
1.01, 16
1.02, 9
1.03, 16
1.04, 15
1.05, 24
1.06, 21
1.07, 17
1.08, 24
1.09, 19
1.10, 9
1.11, 12
1.12, 4
1.13, 12
1.14, 13
1.15, 9
1.16, 10
1.17, 10
1.18, 11
1.19, 11
1.20, 9
1.21, 9
1.22, 18
1.23, 16
1.24, 13
1.25, 22
1.26, 23
1.27, 15
1.28, 14
1.29, 23
1.30, 19
1.31, 25
1.32, 17
1.33, 15
1.34, 20
1.35, 16
1.36, 11
1.37, 21
1.38, 16
1.39, 10
1.40, 11
1.41, 11
1.42, 13
1.43, 26
1.44, 44
1.45, 46
1.46, 57
1.47, 77
1.48, 116
1.49, 93
1.50, 119
1.51, 114
1.52, 95
1.53, 64
1.54, 56
1.55, 39
1.56, 24
1.57, 34
1.58, 23
1.59, 15
1.60, 19
1.61, 16
1.62, 17
1.63, 12
1.64, 11
1.65, 10
1.66, 17
1.67, 15
1.68, 22
1.69, 22
1.70, 23
1.71, 16
1.72, 25
1.73, 27
1.74, 30
1.75, 30
1.76, 29
1.77, 22
1.78, 24
1.79, 23
1.80, 18
1.81, 15
1.82, 16
1.83, 14
1.84, 12
1.85, 8
1.86, 14
1.87, 10
1.88, 10
1.89, 15
1.90, 15
1.91, 15
1.92, 14
1.93, 16
1.94, 16
1.95, 17
1.96, 15
1.97, 25
1.98, 21
1.99, 14
2.00, 19
2.01, 19
2.02, 15
2.03, 14
2.04, 8
2.05, 20
2.06, 13
2.07, 12
2.08, 16
2.09, 11
2.10, 11
2.11, 11
2.12, 14
2.13, 16
2.14, 13
2.15, 12
2.16, 15
2.17, 13
2.18, 10
2.19, 11
2.20, 13
2.21, 8
2.22, 10
2.23, 9
2.24, 22
2.25, 17
2.26, 17
2.27, 24
2.28, 20
2.29, 34
2.30, 41
2.31, 50
2.32, 39
2.33, 52
2.34, 37
2.35, 36
2.36, 35
2.37, 22
2.38, 16
2.39, 15
2.40, 19
2.41, 18
2.42, 11
2.43, 13
2.44, 11
2.45, 12
2.46, 9
2.47, 12
2.48, 17
2.49, 11
2.50, 13
2.51, 12
2.52, 10
2.53, 17
2.54, 9
2.55, 9
2.56, 14
2.57, 14
2.58, 15
2.59, 12
2.60, 12
2.61, 17
2.62, 19
2.63, 21
2.64, 12
2.65, 14
2.66, 15
2.67, 8
2.68, 12
2.69, 19
2.70, 8
2.71, 6
2.72, 10
2.73, 16
2.74, 17
2.75, 13
2.76, 15
2.77, 6
2.78, 10
2.79, 9
2.80, 15
2.81, 5
2.82, 9
2.83, 10
2.84, 6
2.85, 18
2.86, 9
2.87, 5
2.88, 15
2.89, 10
2.90, 10
2.91, 2
2.92, 13
2.93, 12
2.94, 13
2.95, 12
2.96, 15
2.97, 6
2.98, 8
2.99, 15
3.00, 9
3.01, 8
3.02, 8
3.03, 11
3.04, 6
3.05, 13
3.06, 13
3.07, 7
3.08, 13
3.09, 8
3.10, 9
3.11, 7
3.12, 6
3.13, 7
3.14, 11
3.15, 12
3.16, 17
3.17, 5
3.18, 11
3.19, 9
3.20, 10
3.21, 9
3.22, 5
3.23, 11
3.24, 8
3.25, 17
3.26, 11
3.27, 6
3.28, 10
3.29, 12
3.30, 9
3.31, 8
3.32, 5
3.33, 11
3.34, 11
3.35, 14
3.36, 10
3.37, 12
3.38, 18
3.39, 15
3.40, 9
3.41, 6
3.42, 10
3.43, 6
3.44, 4
3.45, 5
3.46, 10
3.47, 7
3.48, 4
3.49, 9
3.50, 10
3.51, 12
3.52, 11
3.53, 12
3.54, 11
3.55, 10
3.56, 12
3.57, 14
3.58, 26
3.59, 26
3.60, 48
3.61, 67
3.62, 87
3.63, 118
3.64, 172
3.65, 232
3.66, 300
3.67, 336
3.68, 407
3.69, 435
3.70, 438
3.71, 439
3.72, 435
3.73, 372
3.74, 290
3.75, 280
3.76, 193
3.77, 131
3.78, 109
3.79, 68
3.80, 46
3.81, 37
3.82, 18
3.83, 12
3.84, 11
3.85, 13
3.86, 7
3.87, 7
3.88, 12
3.89, 11
3.90, 11
3.91, 14
3.92, 15
3.93, 18
3.94, 17
3.95, 22
3.96, 19
3.97, 49
3.98, 52
3.99, 43
4.00, 60
4.01, 54
4.02, 60
4.03, 60
4.04, 46
4.05, 37
4.06, 42
4.07, 35
4.08, 26
4.09, 28
4.10, 18
4.11, 13
4.12, 11
4.13, 10
4.14, 5
4.15, 10
4.16, 8
4.17, 8
4.18, 4
4.19, 3
4.20, 8
4.21, 6
4.22, 4
4.23, 5
4.24, 8
4.25, 8
4.26, 6
4.27, 4
4.28, 4
4.29, 5
4.30, 5
4.31, 6
4.32, 7
4.33, 7
4.34, 3
4.35, 4
4.36, 2
4.37, 4
4.38, 7
4.39, 6
4.40, 2
4.41, 2
4.42, 6
4.43, 2
4.44, 6
4.45, 3
4.46, 11
4.47, 6
4.48, 6
4.49, 5
4.50, 6
4.51, 2
4.52, 6
4.53, 2
4.54, 4
4.55, 6
4.56, 10
4.57, 6
4.58, 4
4.59, 5
4.60, 4
4.61, 4
4.62, 3
4.63, 9
4.64, 9
4.65, 10
4.66, 6
4.67, 4
4.68, 3
4.69, 6
4.70, 4
4.71, 6
4.72, 4
4.73, 7
4.74, 5
4.75, 7
4.76, 5
4.77, 6
4.78, 4
4.79, 5
4.80, 6
4.81, 7
4.82, 8
4.83, 6
4.84, 5
4.85, 2
4.86, 5
4.87, 5
4.88, 5
4.89, 5
4.90, 6
4.91, 3
4.92, 1
4.93, 10
4.94, 6
4.95, 5
4.96, 4
4.97, 4
4.98, 5
4.99, 5
5.00, 5
5.01, 3
5.02, 4
5.03, 4
5.04, 8
5.05, 5
5.06, 6
5.07, 5
5.08, 3
5.09, 3
5.10, 2
5.11, 3
5.12, 3
5.13, 2
5.14, 5
5.15, 4
5.16, 6
5.17, 5
5.18, 3
5.19, 7
5.20, 5
5.21, 6
5.22, 8
5.23, 2
5.24, 2
5.25, 5
5.26, 4
5.27, 3
5.28, 5
5.29, 8
5.30, 2
5.31, 4
5.32, 6
5.33, 7
5.34, 6
5.35, 3
5.36, 4
5.37, 5
5.38, 5
5.39, 6
5.40, 6
5.41, 6
5.42, 7
5.43, 3
5.44, 1
5.45, 3
5.46, 7
5.47, 3
5.48, 4
5.49, 2
5.50, 3
5.51, 7
5.52, 7
5.53, 3
5.54, 3
5.55, 4
5.56, 7
5.57, 3
5.58, 3
5.59, 3
5.60, 3
5.61, 7
5.62, 8
5.63, 3
5.64, 4
5.65, 3
5.66, 6
5.67, 3
5.68, 3
5.69, 3
5.70, 3
5.71, 3
5.72, 6
5.73, 5
5.74, 1
5.75, 5
5.76, 6
5.77, 7
5.78, 3
5.79, 7
5.80, 1
5.81, 4
5.82, 4
5.83, 1
5.84, 1
5.85, 4
5.86, 10
5.87, 5
5.88, 2
5.89, 4
5.90, 5
5.91, 5
5.92, 4
5.93, 4
5.94, 3
5.95, 5
5.96, 4
5.97, 7
5.98, 6
5.99, 5
6.00, 3
6.01, 6
6.02, 4
6.03, 8
6.04, 5
6.05, 8
6.06, 5
6.07, 1
6.08, 3
6.09, 8
6.10, 4
6.11, 5
6.12, 7
6.13, 8
6.14, 8
6.15, 4
6.16, 4
6.17, 1
6.18, 5
6.19, 3
6.20, 3
6.21, 5
6.22, 6
6.23, 5
6.24, 1
6.25, 3
6.26, 6
6.27, 6
6.28, 3
6.29, 1
6.30, 6
6.31, 3
6.32, 7
6.33, 2
6.34, 10
6.35, 5
6.36, 5
6.37, 7
6.38, 6
6.39, 5
6.40, 9
6.41, 4
6.42, 10
6.43, 6
6.44, 11
6.45, 7
6.46, 7
6.47, 5
6.48, 4
6.49, 7
6.50, 7
6.51, 4
6.52, 4
6.53, 5
6.54, 4
6.55, 2
6.56, 2
6.57, 4
6.58, 3
6.59, 1
6.60, 2
6.61, 3
6.62, 4
6.63, 2
6.64, 2
6.65, 2
6.66, 3
6.67, 4
6.68, 0
6.69, 5
6.70, 2
6.71, 3
6.72, 2
6.73, 5
6.74, 0
6.75, 2
6.76, 2
6.77, 4
6.78, 3
6.79, 1
6.80, 1
6.81, 4
6.82, 2
6.83, 5
6.84, 2
6.85, 3
6.86, 5
6.87, 0
6.88, 3
6.89, 3
6.90, 3
6.91, 6
6.92, 5
6.93, 4
6.94, 3
6.95, 2
6.96, 3
6.97, 2
6.98, 1
6.99, 0
7.00, 1
7.01, 1
7.02, 3
7.03, 0
7.04, 3
7.05, 4
7.06, 6
7.07, 3
7.08, 5
7.09, 4
7.10, 6
7.11, 2
7.12, 3
7.13, 3
7.14, 3
7.15, 6
7.16, 5
7.17, 6
7.18, 2
7.19, 3
7.20, 4
7.21, 1
7.22, 1
7.23, 1
7.24, 3
7.25, 2
7.26, 3
7.27, 2
7.28, 3
7.29, 1
7.30, 3
7.31, 4
7.32, 2
7.33, 1
7.34, 3
7.35, 2
7.36, 3
7.37, 6
7.38, 2
7.39, 5
7.40, 3
7.41, 1
7.42, 1
7.43, 2
7.44, 2
7.45, 3
7.46, 2
7.47, 3
7.48, 3
7.49, 5
7.50, 2
7.51, 3
7.52, 3
7.53, 2
7.54, 3
7.55, 2
7.56, 0
7.57, 2
7.58, 4
7.59, 2
7.60, 5
7.61, 1
7.62, 5
7.63, 2
7.64, 4
7.65, 1
7.66, 2
7.67, 1
7.68, 5
7.69, 6
7.70, 3
7.71, 1
7.72, 3
7.73, 3
7.74, 3
7.75, 3
7.76, 2
7.77, 2
7.78, 5
7.79, 4
7.80, 0
7.81, 3
7.82, 2
7.83, 2
7.84, 2
7.85, 3
7.86, 1
7.87, 0
7.88, 2
7.89, 5
7.90, 1
7.91, 3
7.92, 1
7.93, 1
7.94, 6
7.95, 2
7.96, 1
7.97, 3
7.98, 2
7.99, 4
8.00, 1
8.01, 2
8.02, 1
8.03, 3
8.04, 3
8.05, 2
8.06, 2
8.07, 1
8.08, 2
8.09, 1
8.10, 1
8.11, 2
8.12, 2
8.13, 2
8.14, 0
8.15, 5
8.16, 3
8.17, 4
8.18, 4
8.19, 4
8.20, 1
8.21, 2
8.22, 2
8.23, 1
8.24, 4
8.25, 4
8.26, 5
8.27, 2
8.28, 3
8.29, 3
8.30, 1
8.31, 3
8.32, 1
8.33, 1
8.34, 1
8.35, 0
8.36, 2
8.37, 2
8.38, 0
8.39, 1
8.40, 2
8.41, 0
8.42, 3
8.43, 2
8.44, 1
8.45, 1
8.46, 2
8.47, 3
8.48, 1
8.49, 3
8.50, 2
8.51, 5
8.52, 2
8.53, 0
8.54, 4
8.55, 1
8.56, 1
8.57, 2
8.58, 0
8.59, 3
8.60, 2
8.61, 0
8.62, 0
8.63, 4
8.64, 3
8.65, 1
8.66, 1
8.67, 2
8.68, 3
8.69, 3
8.70, 3
8.71, 2
8.72, 1
8.73, 3
8.74, 1
8.75, 1
8.76, 1
8.77, 5
8.78, 4
8.79, 4
8.80, 1
8.81, 4
8.82, 1
8.83, 1
8.84, 1
8.85, 1
8.86, 1
8.87, 0
8.88, 3
8.89, 1
8.90, 1
8.91, 4
8.92, 1
8.93, 0
8.94, 1
8.95, 2
8.96, 3
8.97, 4
8.98, 2
8.99, 2
9.00, 0
9.01, 1
9.02, 3
9.03, 3
9.04, 3
9.05, 2
9.06, 2
9.07, 2
9.08, 5
9.09, 2
9.10, 1
9.11, 2
9.12, 4
9.13, 2
9.14, 3
9.15, 2
9.16, 4
9.17, 2
9.18, 2
9.19, 1
9.20, 2
9.21, 3
9.22, 1
9.23, 3
9.24, 1
9.25, 1
9.26, 0
9.27, 2
9.28, 0
9.29, 1
9.30, 1
9.31, 3
9.32, 3
9.33, 2
9.34, 4
9.35, 4
9.36, 0
9.37, 3
9.38, 0
9.39, 2
9.40, 0
9.41, 1
9.42, 4
9.43, 1
9.44, 0
9.45, 2
9.46, 3
9.47, 1
9.48, 3
9.49, 3
9.50, 2
9.51, 5
9.52, 2
9.53, 3
9.54, 2
9.55, 1
9.56, 3
9.57, 3
9.58, 0
9.59, 1
9.60, 0
9.61, 3
9.62, 3
9.63, 2
9.64, 4
9.65, 2
9.66, 1
9.67, 3
9.68, 2
9.69, 2
9.70, 2
9.71, 7
9.72, 3
9.73, 5
9.74, 0
9.75, 3
9.76, 3
9.77, 3
9.78, 0
9.79, 0
9.80, 0
9.81, 0
9.82, 1
9.83, 3
9.84, 1
9.85, 1
9.86, 3
9.87, 1
9.88, 0
9.89, 1
9.90, 1
9.91, 1
9.92, 1
9.93, 0
9.94, 3
9.95, 1
9.96, 2
9.97, 4
9.98, 0
9.99, 1
10.00, 2
10.01, 0
10.02, 1
10.03, 1
10.04, 0
10.05, 0
10.06, 1
10.07, 2
10.08, 1
10.09, 0
10.10, 0
10.11, 2
10.12, 3
10.13, 1
10.14, 0
10.15, 4
10.16, 3
10.17, 1
10.18, 2
10.19, 2
10.20, 2
10.21, 1
10.22, 3
10.23, 1
10.24, 3
10.25, 2
10.26, 2
10.27, 0
10.28, 0
10.29, 0
10.30, 0
10.31, 0
10.32, 3
10.33, 2
10.34, 1
10.35, 2
10.36, 0
10.37, 2
10.38, 2
10.39, 1
10.40, 2
10.41, 0
10.42, 4
10.43, 1
10.44, 0
10.45, 2
10.46, 0
10.47, 0
10.48, 4
10.49, 2
10.50, 3
10.51, 2
10.52, 0
10.53, 1
10.54, 1
10.55, 0
10.56, 1
10.57, 0
10.58, 4
10.59, 4
10.60, 5
10.61, 0
10.62, 1
10.63, 2
10.64, 0
10.65, 2
10.66, 2
10.67, 3
10.68, 0
10.69, 2
10.70, 2
10.71, 2
10.72, 2
10.73, 2
10.74, 1
10.75, 1
10.76, 0
10.77, 0
10.78, 2
10.79, 2
10.80, 1
10.81, 1
10.82, 0
10.83, 1
10.84, 2
10.85, 1
10.86, 2
10.87, 1
10.88, 1
10.89, 1
10.90, 2
10.91, 0
10.92, 3
10.93, 0
10.94, 1
10.95, 0
10.96, 3
10.97, 0
10.98, 0
10.99, 1
11.00, 0
11.01, 0
11.02, 4
11.03, 0
11.04, 1
11.05, 0
11.06, 0
11.07, 1
11.08, 1
11.09, 0
11.10, 0
11.11, 1
11.12, 0
11.13, 1
11.14, 3
11.15, 1
11.16, 1
11.17, 0
11.18, 2
11.19, 0
11.20, 0
11.21, 2
11.22, 0
11.23, 1
11.24, 0
11.25, 1
11.26, 1
11.27, 6
11.28, 3
11.29, 1
11.30, 3
11.31, 1
11.32, 1
11.33, 0
11.34, 1
11.35, 1
11.36, 2
11.37, 0
11.38, 1
11.39, 0
11.40, 1
11.41, 2
11.42, 1
11.43, 1
11.44, 0
11.45, 1
11.46, 0
11.47, 2
11.48, 1
11.49, 3
11.50, 0
11.51, 1
11.52, 1
11.53, 1
11.54, 2
11.55, 4
11.56, 1
11.57, 1
11.58, 1
11.59, 0
11.60, 0
11.61, 1
11.62, 1
11.63, 1
11.64, 3
11.65, 2
11.66, 2
11.67, 2
11.68, 0
11.69, 2
11.70, 0
11.71, 0
11.72, 0
11.73, 1
11.74, 1
11.75, 1
11.76, 0
11.77, 2
11.78, 1
11.79, 1
11.80, 0
11.81, 1
11.82, 1
11.83, 1
11.84, 0
11.85, 0
11.86, 2
11.87, 0
11.88, 0
11.89, 0
11.90, 1
11.91, 1
11.92, 2
11.93, 1
11.94, 0
11.95, 0
11.96, 0
11.97, 1
11.98, 1
11.99, 0
12.00, 1
12.01, 0
12.02, 3
12.03, 1
12.04, 4
12.05, 0
12.06, 2
12.07, 2
12.08, 1
12.09, 1
12.10, 2
12.11, 1
12.12, 0
12.13, 0
12.14, 2
12.15, 1
12.16, 2
12.17, 1
12.18, 1
12.19, 2
12.20, 0
12.21, 0
12.22, 0
12.23, 0
12.24, 0
12.25, 3
12.26, 2
12.27, 0
12.28, 1
12.29, 0
12.30, 1
12.31, 2
12.32, 4
12.33, 1
12.34, 0
12.35, 1
12.36, 0
12.37, 1
12.38, 3
12.39, 2
12.40, 1
12.41, 1
12.42, 2
12.43, 1
12.44, 0
12.45, 4
12.46, 0
12.47, 1
12.48, 0
12.49, 2
12.50, 2
12.51, 0
12.52, 0
12.53, 0
12.54, 1
12.55, 2
12.56, 0
12.57, 2
12.58, 3
12.59, 0
12.60, 0
12.61, 1
12.62, 3
12.63, 2
12.64, 1
12.65, 0
12.66, 0
12.67, 0
12.68, 3
12.69, 2
12.70, 0
12.71, 0
12.72, 0
12.73, 1
12.74, 1
12.75, 1
12.76, 1
12.77, 1
12.78, 2
12.79, 0
12.80, 1
12.81, 3
12.82, 0
12.83, 2
12.84, 1
12.85, 2
12.86, 1
12.87, 1
12.88, 1
12.89, 2
12.90, 0
12.91, 1
12.92, 1
12.93, 0
12.94, 1
12.95, 0
12.96, 0
12.97, 1
12.98, 2
12.99, 3
13.00, 2
13.01, 0
13.02, 0
13.03, 0
13.04, 2
13.05, 1
13.06, 1
13.07, 1
13.08, 0
13.09, 0
13.10, 0
13.11, 0
13.12, 0
13.13, 2
13.14, 1
13.15, 0
13.16, 1
13.17, 0
13.18, 2
13.19, 0
13.20, 0
13.21, 1
13.22, 1
13.23, 0
13.24, 1
13.25, 1
13.26, 1
13.27, 2
13.28, 0
13.29, 0
13.30, 4
13.31, 1
13.32, 1
13.33, 1
13.34, 0
13.35, 0
13.36, 1
13.37, 2
13.38, 2
13.39, 1
13.40, 0
13.41, 0
13.42, 0
13.43, 0
13.44, 1
13.45, 1
13.46, 1
13.47, 1
13.48, 0
13.49, 4
13.50, 1
13.51, 1
13.52, 0
13.53, 0
13.54, 1
13.55, 1
13.56, 1
13.57, 1
13.58, 2
13.59, 0
13.60, 0
13.61, 1
13.62, 0
13.63, 0
13.64, 0
13.65, 2
13.66, 3
13.67, 1
13.68, 1
13.69, 0
13.70, 1
13.71, 0
13.72, 0
13.73, 0
13.74, 0
13.75, 1
13.76, 1
13.77, 0
13.78, 1
13.79, 0
13.80, 1
13.81, 1
13.82, 0
13.83, 1
13.84, 1
13.85, 0
13.86, 1
13.87, 0
13.88, 0
13.89, 1
13.90, 0
13.91, 0
13.92, 1
13.93, 1
13.94, 1
13.95, 1
13.96, 0
13.97, 0
13.98, 1
13.99, 0
14.00, 0
14.01, 1
14.02, 1
14.03, 1
14.04, 2
14.05, 0
14.06, 2
14.07, 1
14.08, 1
14.09, 2
14.10, 2
14.11, 3
14.12, 0
14.13, 0
14.14, 1
14.15, 1
14.16, 1
14.17, 0
14.18, 0
14.19, 2
14.20, 0
14.21, 1
14.22, 1
14.23, 0
14.24, 0
14.25, 3
14.26, 0
14.27, 1
14.28, 1
14.29, 2
14.30, 1
14.31, 1
14.32, 0
14.33, 0
14.34, 0
14.35, 0
14.36, 1
14.37, 1
14.38, 1
14.39, 0
14.40, 1
14.41, 0
14.42, 0
14.43, 0
14.44, 2
14.45, 0
14.46, 1
14.47, 0
14.48, 2
14.49, 0
14.50, 0
14.51, 1
14.52, 0
14.53, 0
14.54, 0
14.55, 1
14.56, 0
14.57, 1
14.58, 2
14.59, 0
14.60, 1
14.61, 0
14.62, 0
14.63, 1
14.64, 1
14.65, 1
14.66, 1
14.67, 0
14.68, 2
14.69, 0
14.70, 1
14.71, 1
14.72, 1
14.73, 0
14.74, 0
14.75, 0
14.76, 1
14.77, 0
14.78, 1
14.79, 1
14.80, 1
14.81, 0
14.82, 0
14.83, 0
14.84, 0
14.85, 2
14.86, 0
14.87, 1
14.88, 3
14.89, 1
14.90, 0
14.91, 1
14.92, 0
14.93, 0
14.94, 1
14.95, 2
14.96, 1
14.97, 1
14.98, 1
14.99, 2
15.00, 0
15.01, 0
15.02, 0
15.03, 1
15.04, 1
15.05, 0
15.06, 0
15.07, 1
15.08, 0
15.09, 1
15.10, 2
15.11, 0
15.12, 0
15.13, 0
15.14, 1
15.15, 1
15.16, 0
15.17, 0
15.18, 0
15.19, 0
15.20, 0
15.21, 0
15.22, 0
15.23, 0
15.24, 2
15.25, 0
15.26, 0
15.27, 0
15.28, 2
15.29, 0
15.30, 0
15.31, 2
15.32, 0
15.33, 0
15.34, 1
15.35, 0
15.36, 1
15.37, 0
15.38, 1
15.39, 1
15.40, 2
15.41, 0
15.42, 0
15.43, 0
15.44, 1
15.45, 0
15.46, 0
15.47, 2
15.48, 0
15.49, 0
15.50, 0
15.51, 0
15.52, 0
15.53, 0
15.54, 0
15.55, 0
15.56, 0
15.57, 0
15.58, 0
15.59, 0
15.60, 0
15.61, 0
15.62, 0
15.63, 1
15.64, 0
15.65, 1
15.66, 0
15.67, 0
15.68, 0
15.69, 0
15.70, 0
15.71, 0
15.72, 0
15.73, 0
15.74, 2
15.75, 0
15.76, 0
15.77, 0
15.78, 0
15.79, 0
15.80, 0
15.81, 1
15.82, 0
15.83, 1
15.84, 0
15.85, 0
15.86, 1
15.87, 2
15.88, 0
15.89, 0
15.90, 0
15.91, 0
15.92, 0
15.93, 0
15.94, 1
15.95, 1
15.96, 0
15.97, 0
15.98, 0
15.99, 0
16.00, 0
16.01, 0
16.02, 1
16.03, 0
16.04, 0
16.05, 0
16.06, 0
16.07, 0
16.08, 1
16.09, 0
16.10, 1
16.11, 1
16.12, 1
16.13, 0
16.14, 0
16.15, 0
16.16, 0
16.17, 0
16.18, 0
16.19, 0
16.20, 0
16.21, 0
16.22, 0
16.23, 0
16.24, 1
16.25, 0
16.26, 2
16.27, 0
16.28, 0
16.29, 0
16.30, 0
16.31, 2
16.32, 1
16.33, 0
16.34, 1
16.35, 0
16.36, 0
16.37, 0
16.38, 0
16.39, 0
16.40, 1
16.41, 0
16.42, 0
16.43, 1
16.44, 0
16.45, 0
16.46, 0
16.47, 0
16.48, 0
16.49, 0
16.50, 0
16.51, 1
16.52, 1
16.53, 0
16.54, 0
16.55, 0
16.56, 0
16.57, 0
16.58, 0
16.59, 0
16.60, 1
16.61, 1
16.62, 1
16.63, 2
16.64, 1
16.65, 0
16.66, 0
16.67, 1
16.68, 0
16.69, 0
16.70, 0
16.71, 1
16.72, 1
16.73, 0
16.74, 0
16.75, 0
16.76, 0
16.77, 0
16.78, 2
16.79, 0
16.80, 1
16.81, 0
16.82, 0
16.83, 0
16.84, 0
16.85, 0
16.86, 1
16.87, 2
16.88, 1
16.89, 1
16.90, 1
16.91, 0
16.92, 0
16.93, 0
16.94, 1
16.95, 0
16.96, 0
16.97, 0
16.98, 0
16.99, 0
17.00, 1
17.01, 1
17.02, 1
17.03, 1
17.04, 0
17.05, 0
17.06, 0
17.07, 0
17.08, 0
17.09, 0
17.10, 0
17.11, 0
17.12, 1
17.13, 0
17.14, 0
17.15, 0
17.16, 2
17.17, 0
17.18, 0
17.19, 0
17.20, 1
17.21, 0
17.22, 1
17.23, 0
17.24, 0
17.25, 0
17.26, 0
17.27, 1
17.28, 1
17.29, 0
17.30, 0
17.31, 1
17.32, 0
17.33, 1
17.34, 0
17.35, 0
17.36, 1
17.37, 1
17.38, 0
17.39, 0
17.40, 1
17.41, 0
17.42, 0
17.43, 0
17.44, 1
17.45, 1
17.46, 0
17.47, 0
17.48, 0
17.49, 0
17.50, 0
17.51, 0
17.52, 0
17.53, 0
17.54, 0
17.55, 0
17.56, 0
17.57, 0
17.58, 0
17.59, 0
17.60, 1
17.61, 0
17.62, 0
17.63, 0
17.64, 0
17.65, 0
17.66, 1
17.67, 0
17.68, 0
17.69, 0
17.70, 0
17.71, 0
17.72, 0
17.73, 0
17.74, 0
17.75, 0
17.76, 1
17.77, 0
17.78, 0
17.79, 0
17.80, 0
17.81, 0
17.82, 1
17.83, 1
17.84, 0
17.85, 0
17.86, 0
17.87, 0
17.88, 0
17.89, 0
17.90, 0
17.91, 0
17.92, 0
17.93, 0
17.94, 0
17.95, 1
17.96, 0
17.97, 0
17.98, 0
17.99, 0
18.00, 0
18.01, 0
18.02, 0
18.03, 0
18.04, 0
18.05, 0
18.06, 0
18.07, 0
18.08, 0
18.09, 0
18.10, 0
18.11, 0
18.12, 0
18.13, 0
18.14, 0
18.15, 0
18.16, 0
18.17, 0
18.18, 0
18.19, 0
18.20, 1
18.21, 0
18.22, 0
18.23, 0
18.24, 0
18.25, 0
18.26, 0
18.27, 0
18.28, 0
18.29, 0
18.30, 0
18.31, 0
18.32, 0
18.33, 0
18.34, 0
18.35, 0
18.36, 1
18.37, 1
18.38, 0
18.39, 0
18.40, 0
18.41, 0
18.42, 0
18.43, 0
18.44, 0
18.45, 0
18.46, 0
18.47, 0
18.48, 0
18.49, 0
18.50, 0
18.51, 0
18.52, 0
18.53, 0
18.54, 0
18.55, 0
18.56, 0
18.57, 0
18.58, 0
18.59, 0
18.60, 0
18.61, 0
18.62, 0
18.63, 0
18.64, 0
18.65, 0
18.66, 0
18.67, 0
18.68, 0
18.69, 0
18.70, 0
18.71, 0
18.72, 1
18.73, 0
18.74, 0
18.75, 1
18.76, 0
18.77, 0
18.78, 0
18.79, 0
18.80, 0
18.81, 0
18.82, 0
18.83, 0
18.84, 0
18.85, 0
18.86, 0
18.87, 0
18.88, 0
18.89, 0
18.90, 0
18.91, 0
18.92, 0
18.93, 0
18.94, 0
18.95, 0
18.96, 0
18.97, 0
18.98, 0
18.99, 0
19.00, 0
19.01, 0
19.02, 0
19.03, 0
19.04, 0
19.05, 0
19.06, 0
19.07, 0
19.08, 0
19.09, 0
19.10, 0
19.11, 0
19.12, 0
19.13, 0
19.14, 0
19.15, 0
19.16, 0
19.17, 0
19.18, 0
19.19, 0
19.20, 0
19.21, 0
19.22, 0
19.23, 0
19.24, 0
19.25, 0
19.26, 0
19.27, 0
19.28, 0
19.29, 0
19.30, 0
19.31, 0
19.32, 0
19.33, 0
19.34, 0
19.35, 0
19.36, 0
19.37, 0
19.38, 0
19.39, 0
19.40, 0
19.41, 0
19.42, 0
19.43, 0
19.44, 0
19.45, 0
19.46, 0
19.47, 0
19.48, 0
19.49, 0
19.50, 0
19.51, 0
19.52, 0
19.53, 0
19.54, 0
19.55, 0
19.56, 0
19.57, 0
19.58, 0
19.59, 0
19.60, 0
19.61, 0
19.62, 0
19.63, 0
19.64, 0
19.65, 0
19.66, 0
19.67, 0
19.68, 0
19.69, 0
19.70, 0
19.71, 0
19.72, 0
19.73, 0
19.74, 0
19.75, 0
19.76, 0
19.77, 0
19.78, 0
19.79, 0
19.80, 0
19.81, 0
19.82, 0
19.83, 0
19.84, 0
19.85, 0
19.86, 0
19.87, 0
19.88, 0
19.89, 0
19.90, 0
19.91, 0
19.92, 0
19.93, 0
19.94, 0
19.95, 0
19.96, 0
19.97, 0
19.98, 0
19.99, 0
20.00, 0
20.01, 0
20.02, 0
20.03, 0
20.04, 0
20.05, 0
20.06, 0
20.07, 0
20.08, 0
20.09, 0
20.10, 0
20.11, 0
20.12, 0
20.13, 0
20.14, 0
20.15, 0
20.16, 0
20.17, 0
20.18, 0
20.19, 0
20.20, 0
20.21, 0
20.22, 0
20.23, 0
20.24, 0
20.25, 0
20.26, 0
20.27, 0
20.28, 0
20.29, 0
20.30, 0
20.31, 0
20.32, 0
20.33, 0
20.34, 0
20.35, 0
20.36, 0
20.37, 0
20.38, 0
20.39, 0
20.40, 0
20.41, 0
20.42, 0
20.43, 0
20.44, 0
20.45, 0
20.46, 0
20.47, 0
