0.00, 0
0.01, 0
0.02, 0
0.03, 0
0.04, 0
0.05, 0
0.06, 0
0.07, 46
0.08, 9
0.09, 5
0.10, 6
0.11, 5
0.12, 6
0.13, 12
0.14, 7
0.15, 4
0.16, 13
0.17, 11
0.18, 14
0.19, 12
0.20, 12
0.21, 13
0.22, 17
0.23, 47
0.24, 94
0.25, 163
0.26, 246
0.27, 366
0.28, 354
0.29, 299
0.30, 218
0.31, 156
0.32, 57
0.33, 32
0.34, 14
0.35, 10
0.36, 14
0.37, 17
0.38, 30
0.39, 27
0.40, 37
0.41, 36
0.42, 21
0.43, 19
0.44, 30
0.45, 35
0.46, 43
0.47, 75
0.48, 142
0.49, 275
0.50, 482
0.51, 732
0.52, 924
0.53, 1000
0.54, 867
0.55, 663
0.56, 382
0.57, 214
0.58, 110
0.59, 57
0.60, 25
0.61, 21
0.62, 20
0.63, 11
0.64, 20
0.65, 17
0.66, 21
0.67, 18
0.68, 26
0.69, 25
0.70, 28
0.71, 27
0.72, 24
0.73, 26
0.74, 27
0.75, 21
0.76, 21
0.77, 16
0.78, 28
0.79, 20
0.80, 20
0.81, 20
0.82, 24
0.83, 21
0.84, 15
0.85, 20
0.86, 26
0.87, 28
0.88, 19
0.89, 25
0.90, 22
0.91, 22
0.92, 23
0.93, 29
0.94, 19
0.95, 29
0.96, 24
0.97, 14
0.98, 22
0.99, 33
1.00, 30
1.01, 33
1.02, 48
1.03, 55
1.04, 80
1.05, 75
1.06, 66
1.07, 62
1.08, 53
1.09, 47
1.10, 55
1.11, 47
1.12, 29
1.13, 27
1.14, 24
1.15, 30
1.16, 26
1.17, 17
1.18, 22
1.19, 25
1.20, 32
1.21, 23
1.22, 35
1.23, 32
1.24, 37
1.25, 31
1.26, 37
1.27, 52
1.28, 44
1.29, 52
1.30, 50
1.31, 36
1.32, 35
1.33, 62
1.34, 29
1.35, 35
1.36, 36
1.37, 40
1.38, 28
1.39, 32
1.40, 34
1.41, 38
1.42, 63
1.43, 92
1.44, 141
1.45, 229
1.46, 342
1.47, 473
1.48, 584
1.49, 707
1.50, 678
1.51, 666
1.52, 469
1.53, 447
1.54, 312
1.55, 202
1.56, 124
1.57, 95
1.58, 64
1.59, 43
1.60, 38
1.61, 25
1.62, 26
1.63, 18
1.64, 27
1.65, 25
1.66, 42
1.67, 40
1.68, 55
1.69, 105
1.70, 172
1.71, 266
1.72, 379
1.73, 409
1.74, 517
1.75, 509
1.76, 521
1.77, 441
1.78, 352
1.79, 276
1.80, 199
1.81, 135
1.82, 92
1.83, 60
1.84, 65
1.85, 43
1.86, 45
1.87, 29
1.88, 27
1.89, 21
1.90, 20
1.91, 23
1.92, 10
1.93, 21
1.94, 19
1.95, 25
1.96, 21
1.97, 12
1.98, 25
1.99, 25
2.00, 16
2.01, 31
2.02, 16
2.03, 16
2.04, 17
2.05, 22
2.06, 20
2.07, 9
2.08, 20
2.09, 21
2.10, 20
2.11, 17
2.12, 13
2.13, 17
2.14, 14
2.15, 21
2.16, 13
2.17, 9
2.18, 19
2.19, 20
2.20, 16
2.21, 18
2.22, 24
2.23, 25
2.24, 23
2.25, 25
2.26, 38
2.27, 57
2.28, 66
2.29, 68
2.30, 100
2.31, 124
2.32, 121
2.33, 104
2.34, 93
2.35, 88
2.36, 76
2.37, 61
2.38, 30
2.39, 30
2.40, 29
2.41, 24
2.42, 30
2.43, 13
2.44, 18
2.45, 13
2.46, 21
2.47, 26
2.48, 17
2.49, 36
2.50, 19
2.51, 20
2.52, 14
2.53, 18
2.54, 18
2.55, 10
2.56, 12
2.57, 12
2.58, 18
2.59, 17
2.60, 15
2.61, 11
2.62, 19
2.63, 9
2.64, 12
2.65, 15
2.66, 15
2.67, 12
2.68, 10
2.69, 16
2.70, 9
2.71, 6
2.72, 9
2.73, 12
2.74, 12
2.75, 13
2.76, 10
2.77, 14
2.78, 14
2.79, 23
2.80, 19
2.81, 14
2.82, 13
2.83, 13
2.84, 15
2.85, 13
2.86, 8
2.87, 9
2.88, 13
2.89, 13
2.90, 11
2.91, 13
2.92, 13
2.93, 12
2.94, 12
2.95, 15
2.96, 16
2.97, 14
2.98, 12
2.99, 16
3.00, 5
3.01, 8
3.02, 9
3.03, 11
3.04, 10
3.05, 15
3.06, 12
3.07, 10
3.08, 8
3.09, 14
3.10, 9
3.11, 8
3.12, 6
3.13, 13
3.14, 9
3.15, 9
3.16, 6
3.17, 9
3.18, 8
3.19, 14
3.20, 9
3.21, 8
3.22, 15
3.23, 9
3.24, 19
3.25, 19
3.26, 27
3.27, 33
3.28, 33
3.29, 52
3.30, 70
3.31, 64
3.32, 69
3.33, 63
3.34, 63
3.35, 46
3.36, 53
3.37, 31
3.38, 43
3.39, 26
3.40, 25
3.41, 18
3.42, 10
3.43, 14
3.44, 14
3.45, 10
3.46, 9
3.47, 7
3.48, 3
3.49, 11
3.50, 12
3.51, 7
3.52, 14
3.53, 8
3.54, 11
3.55, 11
3.56, 7
3.57, 7
3.58, 20
3.59, 14
3.60, 20
3.61, 18
3.62, 26
3.63, 33
3.64, 31
3.65, 27
3.66, 44
3.67, 45
3.68, 58
3.69, 58
3.70, 61
3.71, 55
3.72, 61
3.73, 49
3.74, 42
3.75, 32
3.76, 26
3.77, 17
3.78, 18
3.79, 18
3.80, 11
3.81, 11
3.82, 3
3.83, 5
3.84, 9
3.85, 8
3.86, 10
3.87, 11
3.88, 7
3.89, 16
3.90, 8
3.91, 8
3.92, 7
3.93, 9
3.94, 12
3.95, 13
3.96, 9
3.97, 6
3.98, 11
3.99, 13
4.00, 16
4.01, 13
4.02, 19
4.03, 6
4.04, 19
4.05, 12
4.06, 12
4.07, 8
4.08, 9
4.09, 10
4.10, 9
4.11, 15
4.12, 8
4.13, 7
4.14, 9
4.15, 8
4.16, 6
4.17, 9
4.18, 10
4.19, 9
4.20, 8
4.21, 5
4.22, 6
4.23, 6
4.24, 5
4.25, 4
4.26, 4
4.27, 8
4.28, 11
4.29, 5
4.30, 8
4.31, 5
4.32, 7
4.33, 5
4.34, 6
4.35, 4
4.36, 6
4.37, 3
4.38, 11
4.39, 11
4.40, 4
4.41, 6
4.42, 1
4.43, 2
4.44, 8
4.45, 7
4.46, 1
4.47, 11
4.48, 9
4.49, 9
4.50, 11
4.51, 6
4.52, 13
4.53, 8
4.54, 12
4.55, 3
4.56, 7
4.57, 5
4.58, 11
4.59, 3
4.60, 8
4.61, 6
4.62, 3
4.63, 6
4.64, 6
4.65, 6
4.66, 6
4.67, 4
4.68, 9
4.69, 2
4.70, 4
4.71, 4
4.72, 5
4.73, 3
4.74, 8
4.75, 12
4.76, 5
4.77, 5
4.78, 5
4.79, 5
4.80, 6
4.81, 3
4.82, 6
4.83, 5
4.84, 5
4.85, 10
4.86, 11
4.87, 3
4.88, 6
4.89, 6
4.90, 6
4.91, 2
4.92, 3
4.93, 2
4.94, 4
4.95, 6
4.96, 4
4.97, 2
4.98, 2
4.99, 3
5.00, 13
5.01, 4
5.02, 11
5.03, 6
5.04, 5
5.05, 4
5.06, 8
5.07, 7
5.08, 4
5.09, 5
5.10, 3
5.11, 4
5.12, 4
5.13, 7
5.14, 5
5.15, 6
5.16, 8
5.17, 7
5.18, 4
5.19, 3
5.20, 2
5.21, 8
5.22, 3
5.23, 6
5.24, 7
5.25, 7
5.26, 4
5.27, 6
5.28, 4
5.29, 3
5.30, 6
5.31, 7
5.32, 3
5.33, 6
5.34, 2
5.35, 8
5.36, 9
5.37, 6
5.38, 12
5.39, 8
5.40, 7
5.41, 9
5.42, 8
5.43, 10
5.44, 3
5.45, 6
5.46, 9
5.47, 11
5.48, 10
5.49, 6
5.50, 7
5.51, 6
5.52, 6
5.53, 4
5.54, 5
5.55, 4
5.56, 7
5.57, 6
5.58, 9
5.59, 6
5.60, 10
5.61, 4
5.62, 4
5.63, 3
5.64, 7
5.65, 6
5.66, 3
5.67, 3
5.68, 4
5.69, 1
5.70, 4
5.71, 8
5.72, 5
5.73, 7
5.74, 3
5.75, 7
5.76, 3
5.77, 7
5.78, 4
5.79, 4
5.80, 6
5.81, 5
5.82, 5
5.83, 5
5.84, 5
5.85, 5
5.86, 1
5.87, 5
5.88, 5
5.89, 4
5.90, 6
5.91, 6
5.92, 3
5.93, 5
5.94, 7
5.95, 4
5.96, 2
5.97, 6
5.98, 3
5.99, 4
6.00, 6
6.01, 7
6.02, 2
6.03, 4
6.04, 6
6.05, 9
6.06, 5
6.07, 8
6.08, 6
6.09, 5
6.10, 4
6.11, 3
6.12, 0
6.13, 4
6.14, 2
6.15, 5
6.16, 6
6.17, 4
6.18, 4
6.19, 5
6.20, 3
6.21, 3
6.22, 1
6.23, 7
6.24, 1
6.25, 4
6.26, 5
6.27, 6
6.28, 7
6.29, 1
6.30, 4
6.31, 5
6.32, 5
6.33, 1
6.34, 7
6.35, 4
6.36, 8
6.37, 4
6.38, 6
6.39, 8
6.40, 11
6.41, 10
6.42, 14
6.43, 8
6.44, 3
6.45, 11
6.46, 6
6.47, 11
6.48, 4
6.49, 6
6.50, 3
6.51, 3
6.52, 5
6.53, 5
6.54, 4
6.55, 6
6.56, 4
6.57, 4
6.58, 2
6.59, 2
6.60, 4
6.61, 2
6.62, 1
6.63, 0
6.64, 3
6.65, 2
6.66, 2
6.67, 1
6.68, 7
6.69, 3
6.70, 3
6.71, 5
6.72, 2
6.73, 3
6.74, 1
6.75, 2
6.76, 6
6.77, 4
6.78, 1
6.79, 3
6.80, 3
6.81, 4
6.82, 0
6.83, 2
6.84, 1
6.85, 1
6.86, 5
6.87, 3
6.88, 4
6.89, 2
6.90, 3
6.91, 4
6.92, 4
6.93, 4
6.94, 3
6.95, 3
6.96, 2
6.97, 3
6.98, 1
6.99, 4
7.00, 3
7.01, 3
7.02, 4
7.03, 4
7.04, 8
7.05, 3
7.06, 2
7.07, 5
7.08, 7
7.09, 3
7.10, 1
7.11, 4
7.12, 5
7.13, 2
7.14, 4
7.15, 1
7.16, 3
7.17, 0
7.18, 3
7.19, 5
7.20, 3
7.21, 4
7.22, 6
7.23, 1
7.24, 4
7.25, 1
7.26, 3
7.27, 2
7.28, 1
7.29, 5
7.30, 2
7.31, 4
7.32, 4
7.33, 2
7.34, 3
7.35, 4
7.36, 2
7.37, 2
7.38, 2
7.39, 6
7.40, 4
7.41, 2
7.42, 3
7.43, 2
7.44, 2
7.45, 4
7.46, 2
7.47, 3
7.48, 2
7.49, 3
7.50, 1
7.51, 1
7.52, 3
7.53, 6
7.54, 5
7.55, 7
7.56, 2
7.57, 1
7.58, 4
7.59, 4
7.60, 0
7.61, 2
7.62, 4
7.63, 0
7.64, 4
7.65, 2
7.66, 3
7.67, 2
7.68, 3
7.69, 2
7.70, 0
7.71, 3
7.72, 1
7.73, 2
7.74, 1
7.75, 2
7.76, 0
7.77, 1
7.78, 5
7.79, 1
7.80, 3
7.81, 4
7.82, 1
7.83, 1
7.84, 4
7.85, 1
7.86, 1
7.87, 2
7.88, 2
7.89, 2
7.90, 3
7.91, 1
7.92, 2
7.93, 2
7.94, 1
7.95, 2
7.96, 3
7.97, 2
7.98, 3
7.99, 2
8.00, 3
8.01, 2
8.02, 3
8.03, 0
8.04, 1
8.05, 2
8.06, 4
8.07, 5
8.08, 2
8.09, 4
8.10, 1
8.11, 2
8.12, 2
8.13, 2
8.14, 4
8.15, 3
8.16, 3
8.17, 1
8.18, 3
8.19, 3
8.20, 1
8.21, 1
8.22, 6
8.23, 4
8.24, 3
8.25, 0
8.26, 1
8.27, 0
8.28, 2
8.29, 0
8.30, 4
8.31, 2
8.32, 2
8.33, 2
8.34, 4
8.35, 2
8.36, 2
8.37, 3
8.38, 1
8.39, 2
8.40, 1
8.41, 2
8.42, 3
8.43, 0
8.44, 2
8.45, 0
8.46, 1
8.47, 2
8.48, 4
8.49, 2
8.50, 1
8.51, 2
8.52, 1
8.53, 3
8.54, 3
8.55, 1
8.56, 1
8.57, 3
8.58, 3
8.59, 2
8.60, 2
8.61, 2
8.62, 3
8.63, 1
8.64, 1
8.65, 1
8.66, 3
8.67, 0
8.68, 1
8.69, 1
8.70, 1
8.71, 0
8.72, 0
8.73, 3
8.74, 1
8.75, 1
8.76, 3
8.77, 2
8.78, 2
8.79, 3
8.80, 1
8.81, 1
8.82, 0
8.83, 3
8.84, 1
8.85, 2
8.86, 1
8.87, 1
8.88, 2
8.89, 1
8.90, 0
8.91, 1
8.92, 1
8.93, 4
8.94, 1
8.95, 1
8.96, 1
8.97, 1
8.98, 1
8.99, 0
9.00, 2
9.01, 1
9.02, 0
9.03, 1
9.04, 0
9.05, 3
9.06, 2
9.07, 1
9.08, 5
9.09, 1
9.10, 2
9.11, 2
9.12, 0
9.13, 4
9.14, 1
9.15, 5
9.16, 1
9.17, 2
9.18, 2
9.19, 1
9.20, 4
9.21, 0
9.22, 3
9.23, 1
9.24, 2
9.25, 2
9.26, 1
9.27, 2
9.28, 1
9.29, 1
9.30, 1
9.31, 2
9.32, 4
9.33, 2
9.34, 1
9.35, 2
9.36, 4
9.37, 4
9.38, 2
9.39, 3
9.40, 0
9.41, 1
9.42, 2
9.43, 3
9.44, 3
9.45, 3
9.46, 0
9.47, 1
9.48, 1
9.49, 0
9.50, 3
9.51, 5
9.52, 0
9.53, 1
9.54, 0
9.55, 0
9.56, 0
9.57, 1
9.58, 2
9.59, 3
9.60, 2
9.61, 2
9.62, 2
9.63, 0
9.64, 0
9.65, 1
9.66, 0
9.67, 2
9.68, 0
9.69, 1
9.70, 0
9.71, 1
9.72, 3
9.73, 1
9.74, 1
9.75, 3
9.76, 1
9.77, 3
9.78, 0
9.79, 0
9.80, 3
9.81, 1
9.82, 1
9.83, 2
9.84, 1
9.85, 2
9.86, 1
9.87, 2
9.88, 1
9.89, 2
9.90, 1
9.91, 1
9.92, 4
9.93, 1
9.94, 1
9.95, 1
9.96, 4
9.97, 1
9.98, 0
9.99, 0
10.00, 3
10.01, 2
10.02, 0
10.03, 0
10.04, 0
10.05, 2
10.06, 2
10.07, 1
10.08, 1
10.09, 3
10.10, 0
10.11, 2
10.12, 1
10.13, 3
10.14, 0
10.15, 1
10.16, 1
10.17, 2
10.18, 1
10.19, 1
10.20, 0
10.21, 3
10.22, 3
10.23, 1
10.24, 1
10.25, 0
10.26, 0
10.27, 0
10.28, 1
10.29, 0
10.30, 2
10.31, 3
10.32, 1
10.33, 1
10.34, 0
10.35, 2
10.36, 0
10.37, 0
10.38, 0
10.39, 0
10.40, 2
10.41, 1
10.42, 1
10.43, 0
10.44, 0
10.45, 4
10.46, 1
10.47, 1
10.48, 1
10.49, 1
10.50, 0
10.51, 3
10.52, 0
10.53, 0
10.54, 0
10.55, 1
10.56, 3
10.57, 3
10.58, 0
10.59, 0
10.60, 1
10.61, 0
10.62, 2
10.63, 0
10.64, 1
10.65, 1
10.66, 2
10.67, 3
10.68, 1
10.69, 2
10.70, 0
10.71, 1
10.72, 2
10.73, 0
10.74, 0
10.75, 0
10.76, 1
10.77, 1
10.78, 0
10.79, 0
10.80, 0
10.81, 2
10.82, 3
10.83, 1
10.84, 1
10.85, 0
10.86, 1
10.87, 1
10.88, 0
10.89, 0
10.90, 0
10.91, 0
10.92, 1
10.93, 0
10.94, 2
10.95, 2
10.96, 1
10.97, 1
10.98, 2
10.99, 1
11.00, 3
11.01, 1
11.02, 1
11.03, 1
11.04, 0
11.05, 1
11.06, 0
11.07, 0
11.08, 0
11.09, 0
11.10, 3
11.11, 4
11.12, 1
11.13, 0
11.14, 0
11.15, 2
11.16, 0
11.17, 2
11.18, 3
11.19, 3
11.20, 0
11.21, 0
11.22, 2
11.23, 0
11.24, 1
11.25, 0
11.26, 0
11.27, 2
11.28, 1
11.29, 1
11.30, 0
11.31, 2
11.32, 1
11.33, 0
11.34, 0
11.35, 0
11.36, 0
11.37, 0
11.38, 1
11.39, 1
11.40, 0
11.41, 2
11.42, 3
11.43, 0
11.44, 1
11.45, 1
11.46, 3
11.47, 0
11.48, 0
11.49, 0
11.50, 0
11.51, 0
11.52, 0
11.53, 0
11.54, 3
11.55, 1
11.56, 1
11.57, 4
11.58, 0
11.59, 1
11.60, 1
11.61, 1
11.62, 0
11.63, 2
11.64, 0
11.65, 3
11.66, 0
11.67, 0
11.68, 0
11.69, 2
11.70, 1
11.71, 0
11.72, 0
11.73, 0
11.74, 1
11.75, 0
11.76, 1
11.77, 1
11.78, 0
11.79, 1
11.80, 2
11.81, 0
11.82, 1
11.83, 0
11.84, 1
11.85, 1
11.86, 0
11.87, 0
11.88, 0
11.89, 1
11.90, 2
11.91, 1
11.92, 2
11.93, 0
11.94, 0
11.95, 3
11.96, 0
11.97, 1
11.98, 0
11.99, 0
12.00, 0
12.01, 1
12.02, 0
12.03, 2
12.04, 0
12.05, 1
12.06, 0
12.07, 0
12.08, 0
12.09, 0
12.10, 1
12.11, 0
12.12, 1
12.13, 0
12.14, 3
12.15, 1
12.16, 1
12.17, 0
12.18, 1
12.19, 1
12.20, 0
12.21, 0
12.22, 1
12.23, 2
12.24, 0
12.25, 1
12.26, 1
12.27, 1
12.28, 0
12.29, 0
12.30, 1
12.31, 1
12.32, 2
12.33, 0
12.34, 0
12.35, 1
12.36, 0
12.37, 0
12.38, 0
12.39, 1
12.40, 0
12.41, 0
12.42, 0
12.43, 0
12.44, 1
12.45, 2
12.46, 0
12.47, 1
12.48, 1
12.49, 0
12.50, 2
12.51, 0
12.52, 0
12.53, 0
12.54, 1
12.55, 0
12.56, 0
12.57, 1
12.58, 2
12.59, 0
12.60, 2
12.61, 0
12.62, 2
12.63, 3
12.64, 1
12.65, 0
12.66, 0
12.67, 2
12.68, 0
12.69, 1
12.70, 0
12.71, 0
12.72, 1
12.73, 0
12.74, 1
12.75, 1
12.76, 2
12.77, 0
12.78, 1
12.79, 1
12.80, 1
12.81, 3
12.82, 1
12.83, 1
12.84, 0
12.85, 1
12.86, 1
12.87, 0
12.88, 0
12.89, 1
12.90, 0
12.91, 1
12.92, 0
12.93, 0
12.94, 0
12.95, 0
12.96, 0
12.97, 1
12.98, 0
12.99, 1
13.00, 1
13.01, 1
13.02, 0
13.03, 0
13.04, 0
13.05, 0
13.06, 1
13.07, 1
13.08, 2
13.09, 2
13.10, 0
13.11, 0
13.12, 1
13.13, 2
13.14, 0
13.15, 0
13.16, 1
13.17, 3
13.18, 0
13.19, 1
13.20, 3
13.21, 1
13.22, 2
13.23, 1
13.24, 1
13.25, 0
13.26, 1
13.27, 0
13.28, 1
13.29, 0
13.30, 2
13.31, 0
13.32, 0
13.33, 0
13.34, 1
13.35, 0
13.36, 1
13.37, 0
13.38, 0
13.39, 1
13.40, 2
13.41, 0
13.42, 0
13.43, 1
13.44, 1
13.45, 0
13.46, 0
13.47, 0
13.48, 0
13.49, 0
13.50, 0
13.51, 2
13.52, 0
13.53, 1
13.54, 2
13.55, 0
13.56, 0
13.57, 2
13.58, 0
13.59, 2
13.60, 1
13.61, 2
13.62, 1
13.63, 0
13.64, 2
13.65, 0
13.66, 3
13.67, 0
13.68, 1
13.69, 0
13.70, 2
13.71, 1
13.72, 0
13.73, 3
13.74, 2
13.75, 0
13.76, 1
13.77, 0
13.78, 2
13.79, 1
13.80, 0
13.81, 1
13.82, 1
13.83, 0
13.84, 0
13.85, 0
13.86, 3
13.87, 1
13.88, 1
13.89, 0
13.90, 1
13.91, 0
13.92, 2
13.93, 2
13.94, 2
13.95, 0
13.96, 1
13.97, 0
13.98, 0
13.99, 1
14.00, 2
14.01, 1
14.02, 0
14.03, 0
14.04, 0
14.05, 1
14.06, 1
14.07, 1
14.08, 0
14.09, 0
14.10, 0
14.11, 0
14.12, 1
14.13, 0
14.14, 0
14.15, 1
14.16, 0
14.17, 2
14.18, 1
14.19, 0
14.20, 0
14.21, 1
14.22, 2
14.23, 1
14.24, 1
14.25, 1
14.26, 1
14.27, 0
14.28, 1
14.29, 2
14.30, 0
14.31, 1
14.32, 3
14.33, 1
14.34, 1
14.35, 0
14.36, 0
14.37, 0
14.38, 1
14.39, 0
14.40, 0
14.41, 2
14.42, 0
14.43, 0
14.44, 0
14.45, 0
14.46, 0
14.47, 2
14.48, 1
14.49, 0
14.50, 4
14.51, 0
14.52, 1
14.53, 0
14.54, 0
14.55, 0
14.56, 2
14.57, 2
14.58, 0
14.59, 1
14.60, 0
14.61, 0
14.62, 0
14.63, 1
14.64, 1
14.65, 0
14.66, 0
14.67, 0
14.68, 0
14.69, 0
14.70, 1
14.71, 0
14.72, 0
14.73, 0
14.74, 2
14.75, 0
14.76, 0
14.77, 1
14.78, 2
14.79, 0
14.80, 1
14.81, 0
14.82, 0
14.83, 0
14.84, 0
14.85, 0
14.86, 0
14.87, 0
14.88, 0
14.89, 1
14.90, 0
14.91, 0
14.92, 1
14.93, 1
14.94, 0
14.95, 1
14.96, 1
14.97, 0
14.98, 4
14.99, 2
15.00, 2
15.01, 2
15.02, 0
15.03, 0
15.04, 2
15.05, 0
15.06, 1
15.07, 0
15.08, 2
15.09, 1
15.10, 1
15.11, 0
15.12, 0
15.13, 0
15.14, 0
15.15, 1
15.16, 0
15.17, 1
15.18, 0
15.19, 0
15.20, 0
15.21, 1
15.22, 1
15.23, 3
15.24, 2
15.25, 1
15.26, 1
15.27, 1
15.28, 1
15.29, 1
15.30, 1
15.31, 1
15.32, 0
15.33, 0
15.34, 0
15.35, 1
15.36, 0
15.37, 2
15.38, 1
15.39, 2
15.40, 0
15.41, 0
15.42, 1
15.43, 0
15.44, 1
15.45, 0
15.46, 1
15.47, 1
15.48, 1
15.49, 1
15.50, 1
15.51, 0
15.52, 0
15.53, 0
15.54, 1
15.55, 0
15.56, 0
15.57, 2
15.58, 1
15.59, 1
15.60, 0
15.61, 0
15.62, 2
15.63, 1
15.64, 1
15.65, 2
15.66, 0
15.67, 0
15.68, 1
15.69, 0
15.70, 0
15.71, 0
15.72, 0
15.73, 0
15.74, 1
15.75, 0
15.76, 0
15.77, 1
15.78, 0
15.79, 1
15.80, 0
15.81, 0
15.82, 0
15.83, 0
15.84, 0
15.85, 0
15.86, 0
15.87, 1
15.88, 1
15.89, 1
15.90, 0
15.91, 0
15.92, 0
15.93, 3
15.94, 1
15.95, 0
15.96, 0
15.97, 0
15.98, 2
15.99, 0
16.00, 1
16.01, 0
16.02, 1
16.03, 1
16.04, 0
16.05, 0
16.06, 0
16.07, 0
16.08, 0
16.09, 0
16.10, 0
16.11, 2
16.12, 0
16.13, 0
16.14, 0
16.15, 0
16.16, 2
16.17, 1
16.18, 0
16.19, 3
16.20, 1
16.21, 1
16.22, 0
16.23, 1
16.24, 2
16.25, 1
16.26, 1
16.27, 0
16.28, 0
16.29, 1
16.30, 0
16.31, 0
16.32, 4
16.33, 0
16.34, 0
16.35, 1
16.36, 0
16.37, 1
16.38, 1
16.39, 0
16.40, 0
16.41, 0
16.42, 0
16.43, 0
16.44, 0
16.45, 1
16.46, 0
16.47, 0
16.48, 0
16.49, 0
16.50, 0
16.51, 1
16.52, 3
16.53, 0
16.54, 1
16.55, 0
16.56, 1
16.57, 3
16.58, 0
16.59, 0
16.60, 0
16.61, 3
16.62, 0
16.63, 0
16.64, 0
16.65, 0
16.66, 1
16.67, 0
16.68, 0
16.69, 0
16.70, 1
16.71, 0
16.72, 2
16.73, 0
16.74, 0
16.75, 1
16.76, 0
16.77, 2
16.78, 1
16.79, 0
16.80, 0
16.81, 0
16.82, 0
16.83, 0
16.84, 0
16.85, 0
16.86, 0
16.87, 1
16.88, 1
16.89, 1
16.90, 0
16.91, 2
16.92, 0
16.93, 0
16.94, 0
16.95, 0
16.96, 0
16.97, 1
16.98, 1
16.99, 0
17.00, 0
17.01, 0
17.02, 0
17.03, 1
17.04, 0
17.05, 0
17.06, 0
17.07, 0
17.08, 0
17.09, 0
17.10, 0
17.11, 0
17.12, 0
17.13, 0
17.14, 1
17.15, 0
17.16, 0
17.17, 0
17.18, 1
17.19, 0
17.20, 0
17.21, 0
17.22, 0
17.23, 1
17.24, 1
17.25, 0
17.26, 1
17.27, 0
17.28, 0
17.29, 0
17.30, 3
17.31, 0
17.32, 0
17.33, 0
17.34, 0
17.35, 0
17.36, 0
17.37, 1
17.38, 0
17.39, 1
17.40, 0
17.41, 1
17.42, 0
17.43, 1
17.44, 1
17.45, 0
17.46, 1
17.47, 0
17.48, 1
17.49, 0
17.50, 0
17.51, 1
17.52, 0
17.53, 0
17.54, 1
17.55, 0
17.56, 0
17.57, 0
17.58, 0
17.59, 0
17.60, 0
17.61, 0
17.62, 0
17.63, 2
17.64, 1
17.65, 0
17.66, 0
17.67, 0
17.68, 0
17.69, 0
17.70, 0
17.71, 0
17.72, 0
17.73, 0
17.74, 0
17.75, 0
17.76, 0
17.77, 0
17.78, 0
17.79, 0
17.80, 0
17.81, 2
17.82, 0
17.83, 0
17.84, 0
17.85, 0
17.86, 0
17.87, 0
17.88, 0
17.89, 0
17.90, 0
17.91, 0
17.92, 0
17.93, 0
17.94, 0
17.95, 0
17.96, 0
17.97, 1
17.98, 0
17.99, 0
18.00, 2
18.01, 0
18.02, 0
18.03, 0
18.04, 1
18.05, 0
18.06, 0
18.07, 0
18.08, 0
18.09, 0
18.10, 0
18.11, 0
18.12, 0
18.13, 0
18.14, 0
18.15, 0
18.16, 0
18.17, 0
18.18, 0
18.19, 0
18.20, 0
18.21, 0
18.22, 1
18.23, 0
18.24, 0
18.25, 0
18.26, 0
18.27, 0
18.28, 0
18.29, 0
18.30, 0
18.31, 0
18.32, 2
18.33, 0
18.34, 0
18.35, 0
18.36, 0
18.37, 0
18.38, 0
18.39, 0
18.40, 0
18.41, 0
18.42, 0
18.43, 0
18.44, 0
18.45, 0
18.46, 1
18.47, 1
18.48, 0
18.49, 0
18.50, 0
18.51, 1
18.52, 0
18.53, 0
18.54, 0
18.55, 0
18.56, 0
18.57, 0
18.58, 1
18.59, 0
18.60, 0
18.61, 0
18.62, 0
18.63, 0
18.64, 0
18.65, 0
18.66, 0
18.67, 0
18.68, 0
18.69, 1
18.70, 0
18.71, 0
18.72, 0
18.73, 0
18.74, 0
18.75, 0
18.76, 0
18.77, 0
18.78, 0
18.79, 1
18.80, 0
18.81, 0
18.82, 0
18.83, 0
18.84, 0
18.85, 0
18.86, 0
18.87, 0
18.88, 0
18.89, 0
18.90, 0
18.91, 0
18.92, 0
18.93, 0
18.94, 0
18.95, 0
18.96, 0
18.97, 0
18.98, 0
18.99, 0
19.00, 0
19.01, 0
19.02, 0
19.03, 0
19.04, 0
19.05, 0
19.06, 0
19.07, 0
19.08, 0
19.09, 0
19.10, 0
19.11, 0
19.12, 0
19.13, 0
19.14, 0
19.15, 0
19.16, 0
19.17, 0
19.18, 0
19.19, 0
19.20, 0
19.21, 0
19.22, 0
19.23, 0
19.24, 0
19.25, 0
19.26, 0
19.27, 0
19.28, 0
19.29, 0
19.30, 0
19.31, 0
19.32, 0
19.33, 0
19.34, 0
19.35, 0
19.36, 0
19.37, 0
19.38, 0
19.39, 0
19.40, 0
19.41, 0
19.42, 0
19.43, 0
19.44, 0
19.45, 0
19.46, 0
19.47, 0
19.48, 0
19.49, 0
19.50, 0
19.51, 0
19.52, 0
19.53, 0
19.54, 0
19.55, 0
19.56, 0
19.57, 0
19.58, 0
19.59, 0
19.60, 0
19.61, 0
19.62, 0
19.63, 0
19.64, 0
19.65, 0
19.66, 0
19.67, 0
19.68, 0
19.69, 0
19.70, 0
19.71, 0
19.72, 0
19.73, 0
19.74, 0
19.75, 0
19.76, 0
19.77, 0
19.78, 0
19.79, 0
19.80, 0
19.81, 0
19.82, 0
19.83, 0
19.84, 0
19.85, 0
19.86, 0
19.87, 0
19.88, 0
19.89, 0
19.90, 0
19.91, 0
19.92, 0
19.93, 0
19.94, 0
19.95, 0
19.96, 0
19.97, 0
19.98, 0
19.99, 0
20.00, 0
20.01, 0
20.02, 0
20.03, 0
20.04, 0
20.05, 0
20.06, 0
20.07, 0
20.08, 0
20.09, 0
20.10, 0
20.11, 0
20.12, 0
20.13, 0
20.14, 0
20.15, 0
20.16, 0
20.17, 0
20.18, 0
20.19, 0
20.20, 0
20.21, 0
20.22, 0
20.23, 0
20.24, 0
20.25, 0
20.26, 0
20.27, 0
20.28, 0
20.29, 0
20.30, 0
20.31, 0
20.32, 0
20.33, 0
20.34, 0
20.35, 0
20.36, 0
20.37, 0
20.38, 0
20.39, 0
20.40, 0
20.41, 0
20.42, 0
20.43, 0
20.44, 0
20.45, 0
20.46, 0
20.47, 0
