0.00, 0
0.01, 0
0.02, 0
0.03, 0
0.04, 0
0.05, 0
0.06, 0
0.07, 40
0.08, 12
0.09, 3
0.10, 4
0.11, 8
0.12, 7
0.13, 9
0.14, 12
0.15, 8
0.16, 11
0.17, 13
0.18, 8
0.19, 17
0.20, 26
0.21, 15
0.22, 26
0.23, 50
0.24, 87
0.25, 203
0.26, 278
0.27, 396
0.28, 420
0.29, 349
0.30, 247
0.31, 115
0.32, 87
0.33, 23
0.34, 17
0.35, 12
0.36, 12
0.37, 11
0.38, 27
0.39, 37
0.40, 29
0.41, 34
0.42, 23
0.43, 18
0.44, 19
0.45, 21
0.46, 31
0.47, 44
0.48, 88
0.49, 172
0.50, 290
0.51, 453
0.52, 606
0.53, 592
0.54, 595
0.55, 450
0.56, 291
0.57, 184
0.58, 79
0.59, 42
0.60, 17
0.61, 23
0.62, 10
0.63, 6
0.64, 14
0.65, 8
0.66, 11
0.67, 10
0.68, 16
0.69, 10
0.70, 15
0.71, 15
0.72, 13
0.73, 13
0.74, 20
0.75, 17
0.76, 12
0.77, 20
0.78, 17
0.79, 13
0.80, 14
0.81, 14
0.82, 19
0.83, 13
0.84, 16
0.85, 15
0.86, 18
0.87, 18
0.88, 19
0.89, 17
0.90, 28
0.91, 9
0.92, 15
0.93, 10
0.94, 18
0.95, 22
0.96, 11
0.97, 17
0.98, 16
0.99, 25
1.00, 25
1.01, 22
1.02, 26
1.03, 18
1.04, 23
1.05, 24
1.06, 30
1.07, 18
1.08, 23
1.09, 24
1.10, 23
1.11, 16
1.12, 33
1.13, 26
1.14, 21
1.15, 22
1.16, 23
1.17, 32
1.18, 26
1.19, 22
1.20, 25
1.21, 38
1.22, 25
1.23, 33
1.24, 30
1.25, 31
1.26, 38
1.27, 42
1.28, 31
1.29, 29
1.30, 24
1.31, 28
1.32, 39
1.33, 40
1.34, 23
1.35, 29
1.36, 30
1.37, 35
1.38, 33
1.39, 33
1.40, 39
1.41, 45
1.42, 66
1.43, 102
1.44, 145
1.45, 227
1.46, 331
1.47, 449
1.48, 592
1.49, 682
1.50, 638
1.51, 600
1.52, 518
1.53, 367
1.54, 249
1.55, 193
1.56, 128
1.57, 85
1.58, 52
1.59, 56
1.60, 35
1.61, 34
1.62, 29
1.63, 30
1.64, 21
1.65, 30
1.66, 33
1.67, 55
1.68, 60
1.69, 108
1.70, 127
1.71, 195
1.72, 308
1.73, 330
1.74, 376
1.75, 401
1.76, 430
1.77, 337
1.78, 315
1.79, 200
1.80, 187
1.81, 127
1.82, 81
1.83, 58
1.84, 51
1.85, 47
1.86, 42
1.87, 45
1.88, 38
1.89, 32
1.90, 26
1.91, 38
1.92, 31
1.93, 33
1.94, 30
1.95, 33
1.96, 37
1.97, 39
1.98, 42
1.99, 40
2.00, 46
2.01, 39
2.02, 43
2.03, 38
2.04, 37
2.05, 35
2.06, 38
2.07, 41
2.08, 35
2.09, 28
2.10, 23
2.11, 29
2.12, 19
2.13, 26
2.14, 23
2.15, 28
2.16, 29
2.17, 23
2.18, 18
2.19, 27
2.20, 29
2.21, 27
2.22, 44
2.23, 47
2.24, 67
2.25, 90
2.26, 124
2.27, 197
2.28, 258
2.29, 317
2.30, 380
2.31, 448
2.32, 409
2.33, 434
2.34, 413
2.35, 343
2.36, 245
2.37, 210
2.38, 133
2.39, 116
2.40, 72
2.41, 47
2.42, 49
2.43, 37
2.44, 37
2.45, 45
2.46, 39
2.47, 59
2.48, 52
2.49, 41
2.50, 42
2.51, 25
2.52, 27
2.53, 24
2.54, 26
2.55, 23
2.56, 25
2.57, 15
2.58, 24
2.59, 21
2.60, 24
2.61, 23
2.62, 15
2.63, 20
2.64, 12
2.65, 20
2.66, 22
2.67, 16
2.68, 23
2.69, 16
2.70, 22
2.71, 19
2.72, 20
2.73, 19
2.74, 15
2.75, 22
2.76, 21
2.77, 18
2.78, 21
2.79, 16
2.80, 15
2.81, 16
2.82, 20
2.83, 22
2.84, 16
2.85, 16
2.86, 19
2.87, 22
2.88, 17
2.89, 20
2.90, 21
2.91, 20
2.92, 17
2.93, 27
2.94, 18
2.95, 24
2.96, 27
2.97, 13
2.98, 15
2.99, 27
3.00, 11
3.01, 17
3.02, 23
3.03, 19
3.04, 14
3.05, 23
3.06, 17
3.07, 17
3.08, 15
3.09, 18
3.10, 22
3.11, 12
3.12, 15
3.13, 20
3.14, 20
3.15, 11
3.16, 17
3.17, 27
3.18, 21
3.19, 5
3.20, 28
3.21, 23
3.22, 25
3.23, 11
3.24, 17
3.25, 18
3.26, 19
3.27, 21
3.28, 23
3.29, 16
3.30, 17
3.31, 19
3.32, 25
3.33, 29
3.34, 23
3.35, 20
3.36, 11
3.37, 22
3.38, 15
3.39, 16
3.40, 15
3.41, 21
3.42, 17
3.43, 22
3.44, 19
3.45, 10
3.46, 23
3.47, 12
3.48, 19
3.49, 18
3.50, 14
3.51, 18
3.52, 28
3.53, 14
3.54, 15
3.55, 16
3.56, 16
3.57, 13
3.58, 24
3.59, 27
3.60, 36
3.61, 43
3.62, 62
3.63, 91
3.64, 120
3.65, 169
3.66, 218
3.67, 244
3.68, 265
3.69, 286
3.70, 345
3.71, 318
3.72, 297
3.73, 248
3.74, 245
3.75, 172
3.76, 168
3.77, 115
3.78, 78
3.79, 59
3.80, 51
3.81, 29
3.82, 26
3.83, 25
3.84, 13
3.85, 13
3.86, 16
3.87, 11
3.88, 22
3.89, 13
3.90, 21
3.91, 20
3.92, 20
3.93, 22
3.94, 28
3.95, 19
3.96, 32
3.97, 37
3.98, 33
3.99, 51
4.00, 65
4.01, 49
4.02, 49
4.03, 44
4.04, 45
4.05, 46
4.06, 50
4.07, 27
4.08, 30
4.09, 30
4.10, 27
4.11, 22
4.12, 12
4.13, 21
4.14, 14
4.15, 11
4.16, 15
4.17, 8
4.18, 8
4.19, 16
4.20, 11
4.21, 12
4.22, 11
4.23, 15
4.24, 10
4.25, 11
4.26, 7
4.27, 12
4.28, 13
4.29, 16
4.30, 9
4.31, 14
4.32, 13
4.33, 12
4.34, 17
4.35, 11
4.36, 11
4.37, 22
4.38, 8
4.39, 19
4.40, 15
4.41, 20
4.42, 23
4.43, 23
4.44, 35
4.45, 35
4.46, 34
4.47, 27
4.48, 23
4.49, 28
4.50, 33
4.51, 32
4.52, 21
4.53, 20
4.54, 17
4.55, 22
4.56, 16
4.57, 11
4.58, 6
4.59, 11
4.60, 11
4.61, 8
4.62, 8
4.63, 13
4.64, 15
4.65, 6
4.66, 9
4.67, 8
4.68, 8
4.69, 18
4.70, 10
4.71, 9
4.72, 11
4.73, 13
4.74, 10
4.75, 7
4.76, 16
4.77, 10
4.78, 17
4.79, 15
4.80, 20
4.81, 16
4.82, 22
4.83, 17
4.84, 20
4.85, 25
4.86, 19
4.87, 17
4.88, 13
4.89, 14
4.90, 14
4.91, 20
4.92, 12
4.93, 13
4.94, 23
4.95, 8
4.96, 14
4.97, 11
4.98, 18
4.99, 8
5.00, 13
5.01, 7
5.02, 11
5.03, 6
5.04, 8
5.05, 8
5.06, 13
5.07, 5
5.08, 10
5.09, 12
5.10, 8
5.11, 8
5.12, 8
5.13, 8
5.14, 11
5.15, 12
5.16, 13
5.17, 12
5.18, 12
5.19, 16
5.20, 14
5.21, 11
5.22, 11
5.23, 13
5.24, 18
5.25, 5
5.26, 13
5.27, 7
5.28, 9
5.29, 8
5.30, 7
5.31, 14
5.32, 15
5.33, 8
5.34, 8
5.35, 10
5.36, 12
5.37, 17
5.38, 11
5.39, 11
5.40, 11
5.41, 10
5.42, 13
5.43, 16
5.44, 8
5.45, 16
5.46, 10
5.47, 14
5.48, 6
5.49, 9
5.50, 6
5.51, 10
5.52, 5
5.53, 9
5.54, 7
5.55, 9
5.56, 11
5.57, 12
5.58, 11
5.59, 7
5.60, 8
5.61, 8
5.62, 13
5.63, 5
5.64, 13
5.65, 6
5.66, 6
5.67, 10
5.68, 7
5.69, 10
5.70, 11
5.71, 11
5.72, 5
5.73, 11
5.74, 3
5.75, 11
5.76, 5
5.77, 16
5.78, 2
5.79, 9
5.80, 7
5.81, 10
5.82, 7
5.83, 6
5.84, 8
5.85, 11
5.86, 3
5.87, 8
5.88, 9
5.89, 5
5.90, 10
5.91, 9
5.92, 7
5.93, 11
5.94, 13
5.95, 3
5.96, 9
5.97, 6
5.98, 4
5.99, 8
6.00, 9
6.01, 7
6.02, 12
6.03, 7
6.04, 6
6.05, 8
6.06, 12
6.07, 4
6.08, 6
6.09, 6
6.10, 8
6.11, 8
6.12, 7
6.13, 8
6.14, 14
6.15, 8
6.16, 4
6.17, 4
6.18, 8
6.19, 7
6.20, 7
6.21, 13
6.22, 5
6.23, 6
6.24, 11
6.25, 5
6.26, 7
6.27, 6
6.28, 5
6.29, 14
6.30, 13
6.31, 8
6.32, 7
6.33, 6
6.34, 9
6.35, 18
6.36, 14
6.37, 18
6.38, 10
6.39, 19
6.40, 15
6.41, 18
6.42, 30
6.43, 13
6.44, 17
6.45, 6
6.46, 5
6.47, 16
6.48, 11
6.49, 8
6.50, 5
6.51, 13
6.52, 5
6.53, 6
6.54, 4
6.55, 6
6.56, 3
6.57, 6
6.58, 7
6.59, 3
6.60, 13
6.61, 5
6.62, 8
6.63, 10
6.64, 9
6.65, 4
6.66, 6
6.67, 4
6.68, 9
6.69, 7
6.70, 6
6.71, 9
6.72, 8
6.73, 8
6.74, 8
6.75, 5
6.76, 3
6.77, 6
6.78, 6
6.79, 4
6.80, 4
6.81, 7
6.82, 9
6.83, 3
6.84, 3
6.85, 4
6.86, 5
6.87, 5
6.88, 3
6.89, 9
6.90, 5
6.91, 4
6.92, 5
6.93, 3
6.94, 10
6.95, 10
6.96, 2
6.97, 14
6.98, 4
6.99, 8
7.00, 11
7.01, 7
7.02, 5
7.03, 8
7.04, 6
7.05, 8
7.06, 9
7.07, 10
7.08, 7
7.09, 7
7.10, 7
7.11, 7
7.12, 10
7.13, 2
7.14, 4
7.15, 4
7.16, 2
7.17, 8
7.18, 5
7.19, 7
7.20, 4
7.21, 2
7.22, 3
7.23, 2
7.24, 4
7.25, 4
7.26, 8
7.27, 6
7.28, 9
7.29, 6
7.30, 5
7.31, 5
7.32, 2
7.33, 6
7.34, 5
7.35, 6
7.36, 9
7.37, 5
7.38, 6
7.39, 3
7.40, 8
7.41, 5
7.42, 5
7.43, 4
7.44, 3
7.45, 5
7.46, 6
7.47, 9
7.48, 5
7.49, 5
7.50, 6
7.51, 12
7.52, 7
7.53, 4
7.54, 8
7.55, 3
7.56, 8
7.57, 6
7.58, 6
7.59, 3
7.60, 5
7.61, 4
7.62, 1
7.63, 7
7.64, 1
7.65, 1
7.66, 6
7.67, 5
7.68, 4
7.69, 6
7.70, 6
7.71, 5
7.72, 7
7.73, 7
7.74, 4
7.75, 5
7.76, 3
7.77, 5
7.78, 2
7.79, 2
7.80, 7
7.81, 5
7.82, 6
7.83, 4
7.84, 2
7.85, 6
7.86, 6
7.87, 7
7.88, 2
7.89, 0
7.90, 3
7.91, 4
7.92, 2
7.93, 7
7.94, 4
7.95, 5
7.96, 2
7.97, 7
7.98, 6
7.99, 2
8.00, 4
8.01, 4
8.02, 5
8.03, 4
8.04, 3
8.05, 11
8.06, 3
8.07, 2
8.08, 2
8.09, 1
8.10, 1
8.11, 7
8.12, 5
8.13, 4
8.14, 5
8.15, 9
8.16, 4
8.17, 4
8.18, 8
8.19, 2
8.20, 3
8.21, 3
8.22, 2
8.23, 1
8.24, 6
8.25, 3
8.26, 6
8.27, 6
8.28, 6
8.29, 6
8.30, 2
8.31, 1
8.32, 3
8.33, 3
8.34, 4
8.35, 4
8.36, 2
8.37, 1
8.38, 5
8.39, 1
8.40, 4
8.41, 5
8.42, 3
8.43, 5
8.44, 4
8.45, 7
8.46, 4
8.47, 6
8.48, 3
8.49, 4
8.50, 2
8.51, 3
8.52, 3
8.53, 5
8.54, 6
8.55, 7
8.56, 6
8.57, 4
8.58, 3
8.59, 2
8.60, 6
8.61, 5
8.62, 4
8.63, 1
8.64, 5
8.65, 3
8.66, 6
8.67, 3
8.68, 4
8.69, 4
8.70, 6
8.71, 3
8.72, 4
8.73, 8
8.74, 3
8.75, 0
8.76, 7
8.77, 7
8.78, 5
8.79, 2
8.80, 5
8.81, 6
8.82, 1
8.83, 2
8.84, 4
8.85, 0
8.86, 3
8.87, 3
8.88, 1
8.89, 6
8.90, 3
8.91, 3
8.92, 5
8.93, 1
8.94, 4
8.95, 4
8.96, 1
8.97, 2
8.98, 6
8.99, 4
9.00, 4
9.01, 0
9.02, 3
9.03, 3
9.04, 4
9.05, 6
9.06, 1
9.07, 6
9.08, 3
9.09, 4
9.10, 2
9.11, 4
9.12, 3
9.13, 6
9.14, 4
9.15, 4
9.16, 2
9.17, 5
9.18, 4
9.19, 4
9.20, 1
9.21, 0
9.22, 2
9.23, 5
9.24, 2
9.25, 2
9.26, 5
9.27, 5
9.28, 2
9.29, 5
9.30, 1
9.31, 1
9.32, 3
9.33, 5
9.34, 6
9.35, 2
9.36, 0
9.37, 4
9.38, 1
9.39, 0
9.40, 3
9.41, 2
9.42, 2
9.43, 1
9.44, 1
9.45, 7
9.46, 3
9.47, 7
9.48, 2
9.49, 6
9.50, 2
9.51, 2
9.52, 2
9.53, 3
9.54, 1
9.55, 2
9.56, 6
9.57, 3
9.58, 1
9.59, 3
9.60, 2
9.61, 1
9.62, 2
9.63, 2
9.64, 4
9.65, 2
9.66, 1
9.67, 3
9.68, 3
9.69, 2
9.70, 3
9.71, 3
9.72, 3
9.73, 0
9.74, 2
9.75, 0
9.76, 3
9.77, 3
9.78, 1
9.79, 1
9.80, 1
9.81, 1
9.82, 1
9.83, 0
9.84, 3
9.85, 2
9.86, 3
9.87, 5
9.88, 3
9.89, 1
9.90, 1
9.91, 1
9.92, 0
9.93, 1
9.94, 2
9.95, 2
9.96, 4
9.97, 2
9.98, 3
9.99, 4
10.00, 1
10.01, 2
10.02, 2
10.03, 4
10.04, 5
10.05, 3
10.06, 5
10.07, 2
10.08, 1
10.09, 3
10.10, 5
10.11, 2
10.12, 3
10.13, 2
10.14, 4
10.15, 5
10.16, 5
10.17, 1
10.18, 4
10.19, 1
10.20, 4
10.21, 3
10.22, 4
10.23, 1
10.24, 5
10.25, 2
10.26, 0
10.27, 2
10.28, 1
10.29, 4
10.30, 3
10.31, 3
10.32, 2
10.33, 2
10.34, 4
10.35, 2
10.36, 1
10.37, 3
10.38, 1
10.39, 2
10.40, 2
10.41, 1
10.42, 1
10.43, 5
10.44, 3
10.45, 2
10.46, 3
10.47, 0
10.48, 2
10.49, 2
10.50, 1
10.51, 1
10.52, 1
10.53, 2
10.54, 3
10.55, 2
10.56, 2
10.57, 1
10.58, 3
10.59, 1
10.60, 1
10.61, 3
10.62, 0
10.63, 2
10.64, 5
10.65, 3
10.66, 1
10.67, 3
10.68, 5
10.69, 2
10.70, 4
10.71, 2
10.72, 1
10.73, 1
10.74, 3
10.75, 0
10.76, 1
10.77, 2
10.78, 0
10.79, 1
10.80, 1
10.81, 1
10.82, 2
10.83, 7
10.84, 2
10.85, 1
10.86, 1
10.87, 1
10.88, 3
10.89, 2
10.90, 3
10.91, 3
10.92, 1
10.93, 1
10.94, 2
10.95, 2
10.96, 1
10.97, 2
10.98, 3
10.99, 1
11.00, 3
11.01, 3
11.02, 2
11.03, 3
11.04, 1
11.05, 1
11.06, 0
11.07, 4
11.08, 1
11.09, 2
11.10, 0
11.11, 2
11.12, 2
11.13, 2
11.14, 3
11.15, 3
11.16, 4
11.17, 0
11.18, 1
11.19, 2
11.20, 4
11.21, 2
11.22, 0
11.23, 1
11.24, 1
11.25, 2
11.26, 2
11.27, 3
11.28, 2
11.29, 1
11.30, 7
11.31, 6
11.32, 1
11.33, 1
11.34, 0
11.35, 0
11.36, 4
11.37, 2
11.38, 0
11.39, 1
11.40, 1
11.41, 1
11.42, 1
11.43, 0
11.44, 4
11.45, 0
11.46, 1
11.47, 2
11.48, 0
11.49, 2
11.50, 2
11.51, 3
11.52, 1
11.53, 1
11.54, 5
11.55, 1
11.56, 3
11.57, 2
11.58, 1
11.59, 0
11.60, 1
11.61, 2
11.62, 1
11.63, 0
11.64, 1
11.65, 4
11.66, 1
11.67, 1
11.68, 3
11.69, 1
11.70, 2
11.71, 2
11.72, 1
11.73, 3
11.74, 2
11.75, 0
11.76, 0
11.77, 3
11.78, 0
11.79, 2
11.80, 1
11.81, 1
11.82, 0
11.83, 0
11.84, 1
11.85, 1
11.86, 1
11.87, 1
11.88, 1
11.89, 1
11.90, 0
11.91, 1
11.92, 1
11.93, 2
11.94, 0
11.95, 0
11.96, 0
11.97, 2
11.98, 2
11.99, 0
12.00, 0
12.01, 4
12.02, 2
12.03, 1
12.04, 0
12.05, 1
12.06, 2
12.07, 1
12.08, 3
12.09, 2
12.10, 1
12.11, 1
12.12, 1
12.13, 0
12.14, 2
12.15, 1
12.16, 3
12.17, 2
12.18, 2
12.19, 1
12.20, 2
12.21, 2
12.22, 2
12.23, 0
12.24, 0
12.25, 0
12.26, 2
12.27, 2
12.28, 2
12.29, 0
12.30, 1
12.31, 0
12.32, 0
12.33, 0
12.34, 2
12.35, 0
12.36, 0
12.37, 0
12.38, 3
12.39, 1
12.40, 1
12.41, 6
12.42, 1
12.43, 0
12.44, 1
12.45, 1
12.46, 2
12.47, 3
12.48, 4
12.49, 0
12.50, 0
12.51, 0
12.52, 1
12.53, 1
12.54, 1
12.55, 2
12.56, 1
12.57, 0
12.58, 2
12.59, 1
12.60, 0
12.61, 0
12.62, 2
12.63, 1
12.64, 0
12.65, 0
12.66, 1
12.67, 0
12.68, 1
12.69, 0
12.70, 1
12.71, 0
12.72, 1
12.73, 0
12.74, 1
12.75, 1
12.76, 1
12.77, 1
12.78, 0
12.79, 0
12.80, 0
12.81, 3
12.82, 1
12.83, 0
12.84, 1
12.85, 1
12.86, 0
12.87, 0
12.88, 3
12.89, 0
12.90, 2
12.91, 2
12.92, 4
12.93, 2
12.94, 1
12.95, 0
12.96, 2
12.97, 0
12.98, 2
12.99, 1
13.00, 0
13.01, 0
13.02, 1
13.03, 0
13.04, 0
13.05, 2
13.06, 1
13.07, 0
13.08, 1
13.09, 2
13.10, 0
13.11, 3
13.12, 1
13.13, 0
13.14, 1
13.15, 1
13.16, 0
13.17, 0
13.18, 0
13.19, 0
13.20, 1
13.21, 0
13.22, 0
13.23, 0
13.24, 2
13.25, 1
13.26, 0
13.27, 0
13.28, 0
13.29, 0
13.30, 1
13.31, 0
13.32, 1
13.33, 2
13.34, 0
13.35, 0
13.36, 2
13.37, 0
13.38, 1
13.39, 1
13.40, 0
13.41, 1
13.42, 1
13.43, 1
13.44, 1
13.45, 2
13.46, 1
13.47, 1
13.48, 2
13.49, 1
13.50, 1
13.51, 0
13.52, 1
13.53, 0
13.54, 0
13.55, 1
13.56, 0
13.57, 1
13.58, 0
13.59, 3
13.60, 1
13.61, 1
13.62, 1
13.63, 3
13.64, 1
13.65, 2
13.66, 0
13.67, 1
13.68, 1
13.69, 1
13.70, 0
13.71, 1
13.72, 0
13.73, 1
13.74, 0
13.75, 1
13.76, 0
13.77, 0
13.78, 0
13.79, 3
13.80, 0
13.81, 2
13.82, 0
13.83, 1
13.84, 3
13.85, 2
13.86, 1
13.87, 2
13.88, 1
13.89, 1
13.90, 0
13.91, 0
13.92, 1
13.93, 1
13.94, 0
13.95, 1
13.96, 3
13.97, 0
13.98, 1
13.99, 1
14.00, 1
14.01, 1
14.02, 0
14.03, 1
14.04, 2
14.05, 0
14.06, 2
14.07, 1
14.08, 0
14.09, 1
14.10, 0
14.11, 0
14.12, 2
14.13, 2
14.14, 0
14.15, 1
14.16, 0
14.17, 1
14.18, 0
14.19, 1
14.20, 0
14.21, 0
14.22, 1
14.23, 0
14.24, 3
14.25, 1
14.26, 0
14.27, 0
14.28, 0
14.29, 1
14.30, 0
14.31, 1
14.32, 2
14.33, 0
14.34, 0
14.35, 1
14.36, 0
14.37, 0
14.38, 0
14.39, 0
14.40, 0
14.41, 0
14.42, 0
14.43, 1
14.44, 0
14.45, 0
14.46, 0
14.47, 0
14.48, 0
14.49, 0
14.50, 1
14.51, 0
14.52, 1
14.53, 0
14.54, 1
14.55, 1
14.56, 0
14.57, 1
14.58, 1
14.59, 1
14.60, 0
14.61, 0
14.62, 2
14.63, 0
14.64, 0
14.65, 0
14.66, 0
14.67, 0
14.68, 1
14.69, 0
14.70, 0
14.71, 1
14.72, 1
14.73, 0
14.74, 0
14.75, 1
14.76, 0
14.77, 0
14.78, 1
14.79, 0
14.80, 0
14.81, 0
14.82, 1
14.83, 1
14.84, 1
14.85, 0
14.86, 1
14.87, 0
14.88, 0
14.89, 0
14.90, 0
14.91, 2
14.92, 0
14.93, 1
14.94, 1
14.95, 0
14.96, 0
14.97, 1
14.98, 1
14.99, 0
15.00, 0
15.01, 0
15.02, 0
15.03, 0
15.04, 0
15.05, 1
15.06, 0
15.07, 0
15.08, 0
15.09, 0
15.10, 0
15.11, 0
15.12, 0
15.13, 0
15.14, 0
15.15, 1
15.16, 0
15.17, 1
15.18, 1
15.19, 4
15.20, 1
15.21, 0
15.22, 0
15.23, 0
15.24, 2
15.25, 0
15.26, 0
15.27, 1
15.28, 1
15.29, 0
15.30, 0
15.31, 2
15.32, 2
15.33, 0
15.34, 0
15.35, 0
15.36, 0
15.37, 2
15.38, 0
15.39, 2
15.40, 0
15.41, 0
15.42, 0
15.43, 0
15.44, 0
15.45, 0
15.46, 1
15.47, 0
15.48, 1
15.49, 0
15.50, 0
15.51, 0
15.52, 1
15.53, 0
15.54, 1
15.55, 0
15.56, 0
15.57, 0
15.58, 2
15.59, 0
15.60, 3
15.61, 2
15.62, 0
15.63, 0
15.64, 0
15.65, 1
15.66, 0
15.67, 0
15.68, 1
15.69, 0
15.70, 0
15.71, 0
15.72, 0
15.73, 0
15.74, 0
15.75, 0
15.76, 1
15.77, 0
15.78, 0
15.79, 1
15.80, 1
15.81, 0
15.82, 0
15.83, 0
15.84, 1
15.85, 0
15.86, 1
15.87, 0
15.88, 0
15.89, 1
15.90, 1
15.91, 0
15.92, 0
15.93, 0
15.94, 0
15.95, 0
15.96, 0
15.97, 0
15.98, 1
15.99, 0
16.00, 0
16.01, 0
16.02, 0
16.03, 0
16.04, 1
16.05, 0
16.06, 1
16.07, 0
16.08, 0
16.09, 0
16.10, 0
16.11, 0
16.12, 2
16.13, 1
16.14, 0
16.15, 0
16.16, 0
16.17, 0
16.18, 0
16.19, 0
16.20, 1
16.21, 0
16.22, 0
16.23, 0
16.24, 0
16.25, 0
16.26, 0
16.27, 0
16.28, 0
16.29, 0
16.30, 0
16.31, 0
16.32, 0
16.33, 0
16.34, 0
16.35, 1
16.36, 0
16.37, 0
16.38, 0
16.39, 0
16.40, 1
16.41, 0
16.42, 0
16.43, 0
16.44, 0
16.45, 0
16.46, 0
16.47, 0
16.48, 0
16.49, 1
16.50, 0
16.51, 0
16.52, 0
16.53, 0
16.54, 0
16.55, 0
16.56, 0
16.57, 0
16.58, 0
16.59, 0
16.60, 0
16.61, 0
16.62, 0
16.63, 0
16.64, 0
16.65, 0
16.66, 0
16.67, 0
16.68, 0
16.69, 0
16.70, 0
16.71, 0
16.72, 0
16.73, 0
16.74, 0
16.75, 0
16.76, 0
16.77, 1
16.78, 0
16.79, 0
16.80, 0
16.81, 0
16.82, 0
16.83, 0
16.84, 0
16.85, 0
16.86, 0
16.87, 0
16.88, 0
16.89, 0
16.90, 0
16.91, 0
16.92, 0
16.93, 0
16.94, 0
16.95, 0
16.96, 0
16.97, 0
16.98, 0
16.99, 0
17.00, 0
17.01, 0
17.02, 0
17.03, 1
17.04, 0
17.05, 0
17.06, 0
17.07, 0
17.08, 0
17.09, 0
17.10, 0
17.11, 0
17.12, 0
17.13, 0
17.14, 0
17.15, 0
17.16, 0
17.17, 0
17.18, 0
17.19, 0
17.20, 0
17.21, 0
17.22, 0
17.23, 0
17.24, 0
17.25, 0
17.26, 0
17.27, 0
17.28, 0
17.29, 0
17.30, 0
17.31, 0
17.32, 0
17.33, 0
17.34, 0
17.35, 0
17.36, 0
17.37, 0
17.38, 1
17.39, 0
17.40, 0
17.41, 0
17.42, 0
17.43, 0
17.44, 0
17.45, 0
17.46, 0
17.47, 0
17.48, 0
17.49, 0
17.50, 0
17.51, 0
17.52, 0
17.53, 0
17.54, 0
17.55, 0
17.56, 0
17.57, 0
17.58, 0
17.59, 1
17.60, 0
17.61, 0
17.62, 0
17.63, 0
17.64, 0
17.65, 0
17.66, 0
17.67, 0
17.68, 0
17.69, 0
17.70, 0
17.71, 0
17.72, 0
17.73, 0
17.74, 1
17.75, 0
17.76, 0
17.77, 0
17.78, 0
17.79, 0
17.80, 0
17.81, 0
17.82, 0
17.83, 0
17.84, 0
17.85, 0
17.86, 0
17.87, 0
17.88, 0
17.89, 0
17.90, 0
17.91, 0
17.92, 0
17.93, 0
17.94, 0
17.95, 0
17.96, 0
17.97, 0
17.98, 0
17.99, 0
18.00, 0
18.01, 0
18.02, 0
18.03, 0
18.04, 0
18.05, 0
18.06, 0
18.07, 0
18.08, 0
18.09, 0
18.10, 0
18.11, 0
18.12, 0
18.13, 0
18.14, 0
18.15, 0
18.16, 0
18.17, 0
18.18, 0
18.19, 0
18.20, 0
18.21, 0
18.22, 0
18.23, 0
18.24, 0
18.25, 0
18.26, 0
18.27, 0
18.28, 0
18.29, 0
18.30, 0
18.31, 0
18.32, 0
18.33, 0
18.34, 0
18.35, 0
18.36, 0
18.37, 0
18.38, 0
18.39, 0
18.40, 0
18.41, 0
18.42, 0
18.43, 0
18.44, 0
18.45, 0
18.46, 0
18.47, 0
18.48, 0
18.49, 0
18.50, 0
18.51, 0
18.52, 0
18.53, 0
18.54, 0
18.55, 0
18.56, 0
18.57, 0
18.58, 0
18.59, 0
18.60, 0
18.61, 0
18.62, 0
18.63, 0
18.64, 0
18.65, 0
18.66, 0
18.67, 0
18.68, 0
18.69, 0
18.70, 0
18.71, 0
18.72, 0
18.73, 0
18.74, 0
18.75, 0
18.76, 0
18.77, 0
18.78, 0
18.79, 0
18.80, 0
18.81, 0
18.82, 0
18.83, 0
18.84, 0
18.85, 0
18.86, 0
18.87, 0
18.88, 0
18.89, 0
18.90, 0
18.91, 0
18.92, 0
18.93, 0
18.94, 0
18.95, 0
18.96, 0
18.97, 0
18.98, 0
18.99, 0
19.00, 0
19.01, 0
19.02, 0
19.03, 0
19.04, 0
19.05, 0
19.06, 0
19.07, 0
19.08, 0
19.09, 0
19.10, 0
19.11, 0
19.12, 0
19.13, 0
19.14, 0
19.15, 0
19.16, 0
19.17, 0
19.18, 0
19.19, 0
19.20, 0
19.21, 0
19.22, 0
19.23, 0
19.24, 0
19.25, 0
19.26, 0
19.27, 0
19.28, 0
19.29, 0
19.30, 0
19.31, 0
19.32, 0
19.33, 0
19.34, 0
19.35, 0
19.36, 0
19.37, 0
19.38, 0
19.39, 0
19.40, 0
19.41, 0
19.42, 0
19.43, 0
19.44, 0
19.45, 0
19.46, 0
19.47, 0
19.48, 0
19.49, 0
19.50, 0
19.51, 0
19.52, 0
19.53, 0
19.54, 0
19.55, 0
19.56, 0
19.57, 0
19.58, 0
19.59, 0
19.60, 0
19.61, 0
19.62, 0
19.63, 0
19.64, 0
19.65, 0
19.66, 0
19.67, 0
19.68, 0
19.69, 0
19.70, 0
19.71, 0
19.72, 0
19.73, 0
19.74, 0
19.75, 0
19.76, 0
19.77, 0
19.78, 0
19.79, 0
19.80, 0
19.81, 0
19.82, 0
19.83, 0
19.84, 0
19.85, 0
19.86, 0
19.87, 0
19.88, 0
19.89, 0
19.90, 0
19.91, 0
19.92, 0
19.93, 0
19.94, 0
19.95, 0
19.96, 0
19.97, 0
19.98, 0
19.99, 0
20.00, 0
20.01, 0
20.02, 0
20.03, 0
20.04, 0
20.05, 0
20.06, 0
20.07, 0
20.08, 0
20.09, 0
20.10, 0
20.11, 0
20.12, 0
20.13, 0
20.14, 0
20.15, 0
20.16, 0
20.17, 0
20.18, 0
20.19, 0
20.20, 0
20.21, 0
20.22, 0
20.23, 0
20.24, 0
20.25, 0
20.26, 0
20.27, 0
20.28, 0
20.29, 0
20.30, 0
20.31, 0
20.32, 0
20.33, 0
20.34, 0
20.35, 0
20.36, 0
20.37, 0
20.38, 0
20.39, 0
20.40, 0
20.41, 0
20.42, 0
20.43, 0
20.44, 0
20.45, 0
20.46, 0
20.47, 0
