0.00, 0
0.01, 0
0.02, 0
0.03, 0
0.04, 0
0.05, 0
0.06, 0
0.07, 43
0.08, 17
0.09, 5
0.10, 8
0.11, 3
0.12, 10
0.13, 11
0.14, 13
0.15, 11
0.16, 19
0.17, 17
0.18, 21
0.19, 25
0.20, 19
0.21, 32
0.22, 56
0.23, 114
0.24, 173
0.25, 347
0.26, 509
0.27, 624
0.28, 720
0.29, 618
0.30, 440
0.31, 240
0.32, 125
0.33, 55
0.34, 34
0.35, 19
0.36, 17
0.37, 19
0.38, 23
0.39, 26
0.40, 29
0.41, 25
0.42, 19
0.43, 23
0.44, 21
0.45, 24
0.46, 28
0.47, 47
0.48, 93
0.49, 165
0.50, 329
0.51, 459
0.52, 585
0.53, 656
0.54, 557
0.55, 455
0.56, 288
0.57, 172
0.58, 87
0.59, 49
0.60, 31
0.61, 23
0.62, 21
0.63, 22
0.64, 17
0.65, 23
0.66, 19
0.67, 18
0.68, 25
0.69, 15
0.70, 19
0.71, 15
0.72, 16
0.73, 33
0.74, 22
0.75, 22
0.76, 23
0.77, 20
0.78, 21
0.79, 31
0.80, 25
0.81, 21
0.82, 26
0.83, 21
0.84, 27
0.85, 16
0.86, 22
0.87, 27
0.88, 34
0.89, 27
0.90, 32
0.91, 20
0.92, 26
0.93, 27
0.94, 22
0.95, 24
0.96, 27
0.97, 25
0.98, 25
0.99, 25
1.00, 32
1.01, 36
1.02, 32
1.03, 44
1.04, 36
1.05, 40
1.06, 37
1.07, 44
1.08, 32
1.09, 29
1.10, 33
1.11, 25
1.12, 36
1.13, 35
1.14, 21
1.15, 39
1.16, 34
1.17, 26
1.18, 33
1.19, 34
1.20, 43
1.21, 46
1.22, 50
1.23, 52
1.24, 74
1.25, 73
1.26, 86
1.27, 79
1.28, 89
1.29, 61
1.30, 37
1.31, 38
1.32, 35
1.33, 33
1.34, 22
1.35, 37
1.36, 34
1.37, 40
1.38, 27
1.39, 39
1.40, 34
1.41, 31
1.42, 45
1.43, 35
1.44, 46
1.45, 38
1.46, 35
1.47, 48
1.48, 52
1.49, 72
1.50, 61
1.51, 70
1.52, 66
1.53, 47
1.54, 39
1.55, 41
1.56, 33
1.57, 29
1.58, 30
1.59, 21
1.60, 25
1.61, 26
1.62, 26
1.63, 32
1.64, 27
1.65, 27
1.66, 30
1.67, 30
1.68, 24
1.69, 22
1.70, 33
1.71, 26
1.72, 44
1.73, 42
1.74, 48
1.75, 39
1.76, 37
1.77, 42
1.78, 41
1.79, 42
1.80, 39
1.81, 37
1.82, 41
1.83, 25
1.84, 44
1.85, 34
1.86, 32
1.87, 28
1.88, 28
1.89, 26
1.90, 28
1.91, 29
1.92, 26
1.93, 46
1.94, 26
1.95, 23
1.96, 36
1.97, 33
1.98, 47
1.99, 35
2.00, 33
2.01, 26
2.02, 18
2.03, 24
2.04, 27
2.05, 33
2.06, 25
2.07, 21
2.08, 20
2.09, 23
2.10, 25
2.11, 23
2.12, 18
2.13, 25
2.14, 24
2.15, 19
2.16, 32
2.17, 22
2.18, 33
2.19, 30
2.20, 23
2.21, 30
2.22, 24
2.23, 27
2.24, 29
2.25, 37
2.26, 33
2.27, 49
2.28, 60
2.29, 84
2.30, 90
2.31, 99
2.32, 112
2.33, 114
2.34, 133
2.35, 113
2.36, 97
2.37, 98
2.38, 91
2.39, 81
2.40, 68
2.41, 70
2.42, 70
2.43, 70
2.44, 65
2.45, 54
2.46, 49
2.47, 53
2.48, 47
2.49, 55
2.50, 32
2.51, 46
2.52, 26
2.53, 17
2.54, 21
2.55, 22
2.56, 22
2.57, 25
2.58, 31
2.59, 38
2.60, 37
2.61, 50
2.62, 48
2.63, 63
2.64, 40
2.65, 48
2.66, 48
2.67, 47
2.68, 36
2.69, 45
2.70, 28
2.71, 21
2.72, 22
2.73, 16
2.74, 21
2.75, 22
2.76, 13
2.77, 23
2.78, 18
2.79, 17
2.80, 19
2.81, 17
2.82, 20
2.83, 30
2.84, 19
2.85, 16
2.86, 15
2.87, 18
2.88, 17
2.89, 21
2.90, 22
2.91, 19
2.92, 17
2.93, 17
2.94, 14
2.95, 19
2.96, 23
2.97, 23
2.98, 18
2.99, 14
3.00, 12
3.01, 17
3.02, 14
3.03, 15
3.04, 10
3.05, 22
3.06, 20
3.07, 21
3.08, 19
3.09, 21
3.10, 15
3.11, 16
3.12, 18
3.13, 16
3.14, 15
3.15, 24
3.16, 13
3.17, 6
3.18, 18
3.19, 16
3.20, 11
3.21, 20
3.22, 14
3.23, 17
3.24, 14
3.25, 8
3.26, 13
3.27, 9
3.28, 21
3.29, 12
3.30, 12
3.31, 13
3.32, 12
3.33, 17
3.34, 8
3.35, 12
3.36, 14
3.37, 16
3.38, 13
3.39, 20
3.40, 16
3.41, 24
3.42, 7
3.43, 22
3.44, 10
3.45, 16
3.46, 10
3.47, 9
3.48, 15
3.49, 16
3.50, 12
3.51, 18
3.52, 17
3.53, 12
3.54, 9
3.55, 13
3.56, 19
3.57, 17
3.58, 34
3.59, 25
3.60, 57
3.61, 71
3.62, 104
3.63, 133
3.64, 188
3.65, 291
3.66, 343
3.67, 423
3.68, 472
3.69, 475
3.70, 549
3.71, 536
3.72, 526
3.73, 436
3.74, 416
3.75, 314
3.76, 251
3.77, 167
3.78, 131
3.79, 91
3.80, 63
3.81, 43
3.82, 29
3.83, 18
3.84, 14
3.85, 10
3.86, 15
3.87, 17
3.88, 11
3.89, 13
3.90, 16
3.91, 6
3.92, 24
3.93, 23
3.94, 35
3.95, 32
3.96, 26
3.97, 45
3.98, 55
3.99, 66
4.00, 77
4.01, 69
4.02, 78
4.03, 69
4.04, 88
4.05, 60
4.06, 55
4.07, 52
4.08, 44
4.09, 35
4.10, 26
4.11, 25
4.12, 22
4.13, 7
4.14, 21
4.15, 16
4.16, 11
4.17, 9
4.18, 15
4.19, 16
4.20, 10
4.21, 9
4.22, 9
4.23, 7
4.24, 21
4.25, 8
4.26, 12
4.27, 4
4.28, 14
4.29, 9
4.30, 13
4.31, 12
4.32, 6
4.33, 17
4.34, 12
4.35, 17
4.36, 12
4.37, 15
4.38, 7
4.39, 13
4.40, 17
4.41, 17
4.42, 20
4.43, 22
4.44, 30
4.45, 30
4.46, 26
4.47, 37
4.48, 32
4.49, 30
4.50, 17
4.51, 24
4.52, 25
4.53, 17
4.54, 21
4.55, 18
4.56, 13
4.57, 13
4.58, 10
4.59, 12
4.60, 8
4.61, 6
4.62, 10
4.63, 8
4.64, 15
4.65, 7
4.66, 9
4.67, 12
4.68, 12
4.69, 5
4.70, 7
4.71, 8
4.72, 16
4.73, 6
4.74, 16
4.75, 9
4.76, 11
4.77, 9
4.78, 11
4.79, 12
4.80, 10
4.81, 15
4.82, 30
4.83, 8
4.84, 15
4.85, 16
4.86, 23
4.87, 13
4.88, 13
4.89, 24
4.90, 12
4.91, 14
4.92, 13
4.93, 13
4.94, 12
4.95, 15
4.96, 10
4.97, 14
4.98, 14
4.99, 12
5.00, 14
5.01, 7
5.02, 12
5.03, 6
5.04, 8
5.05, 12
5.06, 4
5.07, 17
5.08, 12
5.09, 10
5.10, 10
5.11, 8
5.12, 15
5.13, 5
5.14, 9
5.15, 15
5.16, 11
5.17, 15
5.18, 15
5.19, 13
5.20, 14
5.21, 12
5.22, 8
5.23, 9
5.24, 12
5.25, 3
5.26, 12
5.27, 11
5.28, 6
5.29, 10
5.30, 11
5.31, 7
5.32, 5
5.33, 2
5.34, 15
5.35, 8
5.36, 5
5.37, 6
5.38, 10
5.39, 9
5.40, 9
5.41, 7
5.42, 7
5.43, 13
5.44, 7
5.45, 8
5.46, 11
5.47, 8
5.48, 9
5.49, 6
5.50, 9
5.51, 12
5.52, 10
5.53, 14
5.54, 6
5.55, 14
5.56, 3
5.57, 9
5.58, 13
5.59, 7
5.60, 6
5.61, 5
5.62, 10
5.63, 6
5.64, 5
5.65, 2
5.66, 10
5.67, 9
5.68, 10
5.69, 8
5.70, 9
5.71, 10
5.72, 7
5.73, 7
5.74, 9
5.75, 6
5.76, 9
5.77, 6
5.78, 6
5.79, 8
5.80, 16
5.81, 9
5.82, 11
5.83, 9
5.84, 13
5.85, 3
5.86, 4
5.87, 8
5.88, 6
5.89, 9
5.90, 7
5.91, 5
5.92, 7
5.93, 5
5.94, 10
5.95, 5
5.96, 8
5.97, 9
5.98, 9
5.99, 7
6.00, 8
6.01, 7
6.02, 6
6.03, 3
6.04, 5
6.05, 4
6.06, 9
6.07, 5
6.08, 9
6.09, 2
6.10, 6
6.11, 5
6.12, 10
6.13, 9
6.14, 2
6.15, 2
6.16, 4
6.17, 9
6.18, 6
6.19, 3
6.20, 3
6.21, 10
6.22, 8
6.23, 8
6.24, 3
6.25, 1
6.26, 3
6.27, 3
6.28, 9
6.29, 10
6.30, 4
6.31, 11
6.32, 7
6.33, 10
6.34, 7
6.35, 6
6.36, 13
6.37, 4
6.38, 3
6.39, 7
6.40, 3
6.41, 12
6.42, 9
6.43, 7
6.44, 7
6.45, 10
6.46, 9
6.47, 10
6.48, 8
6.49, 8
6.50, 12
6.51, 8
6.52, 3
6.53, 5
6.54, 6
6.55, 5
6.56, 5
6.57, 4
6.58, 6
6.59, 9
6.60, 3
6.61, 11
6.62, 6
6.63, 8
6.64, 4
6.65, 8
6.66, 1
6.67, 7
6.68, 4
6.69, 8
6.70, 8
6.71, 8
6.72, 3
6.73, 3
6.74, 7
6.75, 3
6.76, 4
6.77, 1
6.78, 4
6.79, 5
6.80, 3
6.81, 3
6.82, 5
6.83, 3
6.84, 4
6.85, 1
6.86, 3
6.87, 4
6.88, 6
6.89, 8
6.90, 6
6.91, 9
6.92, 5
6.93, 4
6.94, 3
6.95, 5
6.96, 6
6.97, 8
6.98, 5
6.99, 3
7.00, 3
7.01, 5
7.02, 3
7.03, 3
7.04, 8
7.05, 5
7.06, 5
7.07, 2
7.08, 7
7.09, 7
7.10, 4
7.11, 2
7.12, 4
7.13, 5
7.14, 8
7.15, 6
7.16, 7
7.17, 8
7.18, 3
7.19, 8
7.20, 2
7.21, 2
7.22, 4
7.23, 7
7.24, 2
7.25, 2
7.26, 6
7.27, 5
7.28, 5
7.29, 4
7.30, 4
7.31, 3
7.32, 8
7.33, 4
7.34, 4
7.35, 1
7.36, 3
7.37, 6
7.38, 2
7.39, 3
7.40, 7
7.41, 5
7.42, 6
7.43, 5
7.44, 3
7.45, 4
7.46, 3
7.47, 1
7.48, 2
7.49, 8
7.50, 0
7.51, 4
7.52, 5
7.53, 5
7.54, 4
7.55, 7
7.56, 4
7.57, 3
7.58, 8
7.59, 5
7.60, 6
7.61, 9
7.62, 5
7.63, 0
7.64, 5
7.65, 3
7.66, 9
7.67, 4
7.68, 11
7.69, 10
7.70, 8
7.71, 6
7.72, 5
7.73, 5
7.74, 1
7.75, 4
7.76, 7
7.77, 4
7.78, 4
7.79, 1
7.80, 5
7.81, 2
7.82, 8
7.83, 1
7.84, 3
7.85, 4
7.86, 6
7.87, 5
7.88, 4
7.89, 3
7.90, 4
7.91, 2
7.92, 5
7.93, 3
7.94, 7
7.95, 4
7.96, 4
7.97, 5
7.98, 3
7.99, 7
8.00, 5
8.01, 2
8.02, 2
8.03, 5
8.04, 6
8.05, 7
8.06, 4
8.07, 3
8.08, 4
8.09, 4
8.10, 5
8.11, 3
8.12, 5
8.13, 4
8.14, 6
8.15, 5
8.16, 4
8.17, 2
8.18, 2
8.19, 6
8.20, 5
8.21, 5
8.22, 3
8.23, 4
8.24, 3
8.25, 7
8.26, 4
8.27, 6
8.28, 6
8.29, 6
8.30, 6
8.31, 5
8.32, 7
8.33, 3
8.34, 3
8.35, 2
8.36, 4
8.37, 6
8.38, 4
8.39, 5
8.40, 3
8.41, 4
8.42, 2
8.43, 1
8.44, 4
8.45, 3
8.46, 3
8.47, 5
8.48, 1
8.49, 3
8.50, 3
8.51, 4
8.52, 1
8.53, 1
8.54, 6
8.55, 5
8.56, 1
8.57, 4
8.58, 4
8.59, 1
8.60, 4
8.61, 2
8.62, 1
8.63, 3
8.64, 1
8.65, 2
8.66, 2
8.67, 7
8.68, 6
8.69, 3
8.70, 3
8.71, 5
8.72, 3
8.73, 1
8.74, 7
8.75, 5
8.76, 3
8.77, 4
8.78, 3
8.79, 3
8.80, 3
8.81, 9
8.82, 4
8.83, 5
8.84, 2
8.85, 2
8.86, 4
8.87, 0
8.88, 2
8.89, 2
8.90, 3
8.91, 2
8.92, 1
8.93, 4
8.94, 2
8.95, 4
8.96, 3
8.97, 7
8.98, 1
8.99, 1
9.00, 2
9.01, 5
9.02, 4
9.03, 2
9.04, 8
9.05, 2
9.06, 1
9.07, 6
9.08, 2
9.09, 5
9.10, 4
9.11, 9
9.12, 5
9.13, 3
9.14, 5
9.15, 5
9.16, 1
9.17, 3
9.18, 3
9.19, 3
9.20, 1
9.21, 3
9.22, 2
9.23, 4
9.24, 1
9.25, 0
9.26, 0
9.27, 2
9.28, 0
9.29, 4
9.30, 1
9.31, 2
9.32, 4
9.33, 7
9.34, 3
9.35, 3
9.36, 0
9.37, 3
9.38, 1
9.39, 3
9.40, 1
9.41, 2
9.42, 4
9.43, 2
9.44, 5
9.45, 4
9.46, 2
9.47, 2
9.48, 4
9.49, 3
9.50, 0
9.51, 0
9.52, 3
9.53, 3
9.54, 1
9.55, 0
9.56, 4
9.57, 1
9.58, 4
9.59, 2
9.60, 1
9.61, 2
9.62, 5
9.63, 2
9.64, 2
9.65, 0
9.66, 3
9.67, 3
9.68, 1
9.69, 1
9.70, 0
9.71, 0
9.72, 6
9.73, 1
9.74, 2
9.75, 2
9.76, 3
9.77, 0
9.78, 4
9.79, 3
9.80, 3
9.81, 4
9.82, 2
9.83, 2
9.84, 3
9.85, 3
9.86, 2
9.87, 2
9.88, 2
9.89, 1
9.90, 2
9.91, 1
9.92, 2
9.93, 0
9.94, 3
9.95, 4
9.96, 2
9.97, 3
9.98, 5
9.99, 1
10.00, 3
10.01, 1
10.02, 3
10.03, 2
10.04, 2
10.05, 1
10.06, 1
10.07, 6
10.08, 1
10.09, 2
10.10, 1
10.11, 1
10.12, 2
10.13, 0
10.14, 4
10.15, 0
10.16, 3
10.17, 4
10.18, 4
10.19, 1
10.20, 2
10.21, 3
10.22, 3
10.23, 4
10.24, 2
10.25, 1
10.26, 2
10.27, 2
10.28, 1
10.29, 2
10.30, 2
10.31, 0
10.32, 2
10.33, 3
10.34, 2
10.35, 2
10.36, 3
10.37, 1
10.38, 1
10.39, 3
10.40, 4
10.41, 5
10.42, 1
10.43, 2
10.44, 1
10.45, 2
10.46, 4
10.47, 0
10.48, 3
10.49, 1
10.50, 0
10.51, 6
10.52, 1
10.53, 2
10.54, 1
10.55, 1
10.56, 4
10.57, 2
10.58, 1
10.59, 2
10.60, 0
10.61, 0
10.62, 1
10.63, 2
10.64, 0
10.65, 0
10.66, 2
10.67, 0
10.68, 1
10.69, 2
10.70, 2
10.71, 2
10.72, 1
10.73, 3
10.74, 2
10.75, 1
10.76, 2
10.77, 2
10.78, 1
10.79, 6
10.80, 2
10.81, 1
10.82, 2
10.83, 2
10.84, 1
10.85, 1
10.86, 6
10.87, 3
10.88, 4
10.89, 1
10.90, 1
10.91, 3
10.92, 1
10.93, 3
10.94, 3
10.95, 2
10.96, 0
10.97, 1
10.98, 2
10.99, 2
11.00, 2
11.01, 1
11.02, 1
11.03, 3
11.04, 2
11.05, 1
11.06, 2
11.07, 0
11.08, 2
11.09, 2
11.10, 1
11.11, 3
11.12, 2
11.13, 4
11.14, 1
11.15, 0
11.16, 1
11.17, 1
11.18, 3
11.19, 0
11.20, 1
11.21, 4
11.22, 1
11.23, 0
11.24, 0
11.25, 0
11.26, 3
11.27, 1
11.28, 3
11.29, 0
11.30, 1
11.31, 2
11.32, 0
11.33, 1
11.34, 1
11.35, 1
11.36, 1
11.37, 0
11.38, 4
11.39, 1
11.40, 0
11.41, 2
11.42, 0
11.43, 2
11.44, 1
11.45, 1
11.46, 3
11.47, 2
11.48, 5
11.49, 1
11.50, 1
11.51, 0
11.52, 1
11.53, 2
11.54, 1
11.55, 1
11.56, 2
11.57, 1
11.58, 1
11.59, 2
11.60, 0
11.61, 0
11.62, 1
11.63, 0
11.64, 1
11.65, 1
11.66, 1
11.67, 1
11.68, 2
11.69, 4
11.70, 0
11.71, 3
11.72, 3
11.73, 2
11.74, 4
11.75, 0
11.76, 2
11.77, 1
11.78, 2
11.79, 2
11.80, 0
11.81, 2
11.82, 0
11.83, 4
11.84, 0
11.85, 2
11.86, 1
11.87, 0
11.88, 1
11.89, 2
11.90, 2
11.91, 1
11.92, 1
11.93, 2
11.94, 1
11.95, 0
11.96, 1
11.97, 3
11.98, 1
11.99, 3
12.00, 0
12.01, 1
12.02, 2
12.03, 0
12.04, 1
12.05, 1
12.06, 1
12.07, 1
12.08, 0
12.09, 4
12.10, 4
12.11, 0
12.12, 1
12.13, 0
12.14, 1
12.15, 2
12.16, 0
12.17, 1
12.18, 0
12.19, 2
12.20, 0
12.21, 3
12.22, 2
12.23, 1
12.24, 0
12.25, 2
12.26, 1
12.27, 1
12.28, 3
12.29, 1
12.30, 2
12.31, 2
12.32, 0
12.33, 1
12.34, 1
12.35, 2
12.36, 0
12.37, 0
12.38, 1
12.39, 0
12.40, 0
12.41, 1
12.42, 2
12.43, 1
12.44, 1
12.45, 1
12.46, 2
12.47, 0
12.48, 0
12.49, 1
12.50, 0
12.51, 1
12.52, 1
12.53, 0
12.54, 0
12.55, 1
12.56, 1
12.57, 2
12.58, 0
12.59, 0
12.60, 2
12.61, 1
12.62, 2
12.63, 3
12.64, 0
12.65, 1
12.66, 0
12.67, 0
12.68, 1
12.69, 0
12.70, 1
12.71, 0
12.72, 0
12.73, 0
12.74, 0
12.75, 1
12.76, 1
12.77, 1
12.78, 0
12.79, 1
12.80, 1
12.81, 0
12.82, 1
12.83, 1
12.84, 2
12.85, 4
12.86, 0
12.87, 2
12.88, 1
12.89, 1
12.90, 1
12.91, 0
12.92, 1
12.93, 3
12.94, 1
12.95, 3
12.96, 2
12.97, 0
12.98, 1
12.99, 1
13.00, 2
13.01, 2
13.02, 0
13.03, 0
13.04, 4
13.05, 1
13.06, 1
13.07, 1
13.08, 0
13.09, 1
13.10, 0
13.11, 0
13.12, 2
13.13, 3
13.14, 1
13.15, 1
13.16, 0
13.17, 2
13.18, 0
13.19, 1
13.20, 2
13.21, 3
13.22, 1
13.23, 1
13.24, 3
13.25, 1
13.26, 1
13.27, 1
13.28, 3
13.29, 0
13.30, 0
13.31, 1
13.32, 1
13.33, 0
13.34, 2
13.35, 1
13.36, 2
13.37, 1
13.38, 0
13.39, 1
13.40, 0
13.41, 2
13.42, 0
13.43, 0
13.44, 0
13.45, 0
13.46, 0
13.47, 0
13.48, 0
13.49, 1
13.50, 1
13.51, 0
13.52, 2
13.53, 1
13.54, 0
13.55, 4
13.56, 1
13.57, 1
13.58, 0
13.59, 0
13.60, 1
13.61, 3
13.62, 0
13.63, 2
13.64, 1
13.65, 2
13.66, 1
13.67, 0
13.68, 1
13.69, 0
13.70, 0
13.71, 0
13.72, 0
13.73, 2
13.74, 1
13.75, 2
13.76, 0
13.77, 0
13.78, 2
13.79, 3
13.80, 0
13.81, 0
13.82, 1
13.83, 1
13.84, 0
13.85, 0
13.86, 1
13.87, 1
13.88, 0
13.89, 0
13.90, 0
13.91, 0
13.92, 2
13.93, 2
13.94, 0
13.95, 0
13.96, 0
13.97, 0
13.98, 0
13.99, 1
14.00, 1
14.01, 0
14.02, 1
14.03, 0
14.04, 0
14.05, 0
14.06, 0
14.07, 0
14.08, 1
14.09, 0
14.10, 0
14.11, 0
14.12, 0
14.13, 0
14.14, 0
14.15, 1
14.16, 1
14.17, 0
14.18, 0
14.19, 1
14.20, 1
14.21, 0
14.22, 1
14.23, 3
14.24, 1
14.25, 1
14.26, 1
14.27, 0
14.28, 2
14.29, 1
14.30, 0
14.31, 0
14.32, 0
14.33, 0
14.34, 0
14.35, 1
14.36, 0
14.37, 1
14.38, 0
14.39, 0
14.40, 0
14.41, 1
14.42, 0
14.43, 0
14.44, 0
14.45, 0
14.46, 0
14.47, 2
14.48, 2
14.49, 1
14.50, 2
14.51, 0
14.52, 1
14.53, 1
14.54, 0
14.55, 1
14.56, 0
14.57, 1
14.58, 0
14.59, 1
14.60, 1
14.61, 1
14.62, 0
14.63, 1
14.64, 0
14.65, 0
14.66, 1
14.67, 1
14.68, 0
14.69, 1
14.70, 0
14.71, 1
14.72, 1
14.73, 1
14.74, 0
14.75, 0
14.76, 2
14.77, 0
14.78, 0
14.79, 1
14.80, 0
14.81, 1
14.82, 1
14.83, 2
14.84, 1
14.85, 0
14.86, 0
14.87, 0
14.88, 0
14.89, 1
14.90, 2
14.91, 1
14.92, 0
14.93, 0
14.94, 0
14.95, 0
14.96, 3
14.97, 2
14.98, 0
14.99, 0
15.00, 1
15.01, 5
15.02, 1
15.03, 1
15.04, 1
15.05, 0
15.06, 0
15.07, 0
15.08, 0
15.09, 0
15.10, 1
15.11, 1
15.12, 1
15.13, 0
15.14, 0
15.15, 0
15.16, 0
15.17, 1
15.18, 3
15.19, 1
15.20, 0
15.21, 1
15.22, 1
15.23, 0
15.24, 0
15.25, 0
15.26, 0
15.27, 2
15.28, 0
15.29, 0
15.30, 1
15.31, 1
15.32, 0
15.33, 0
15.34, 1
15.35, 0
15.36, 1
15.37, 0
15.38, 0
15.39, 1
15.40, 0
15.41, 0
15.42, 1
15.43, 1
15.44, 0
15.45, 3
15.46, 0
15.47, 0
15.48, 0
15.49, 0
15.50, 0
15.51, 0
15.52, 0
15.53, 0
15.54, 0
15.55, 0
15.56, 1
15.57, 0
15.58, 0
15.59, 1
15.60, 0
15.61, 3
15.62, 0
15.63, 3
15.64, 1
15.65, 0
15.66, 2
15.67, 1
15.68, 0
15.69, 0
15.70, 0
15.71, 0
15.72, 1
15.73, 1
15.74, 0
15.75, 0
15.76, 0
15.77, 0
15.78, 0
15.79, 0
15.80, 0
15.81, 2
15.82, 0
15.83, 0
15.84, 0
15.85, 0
15.86, 0
15.87, 1
15.88, 2
15.89, 0
15.90, 1
15.91, 0
15.92, 2
15.93, 0
15.94, 0
15.95, 1
15.96, 0
15.97, 2
15.98, 0
15.99, 1
16.00, 1
16.01, 0
16.02, 1
16.03, 0
16.04, 1
16.05, 3
16.06, 1
16.07, 1
16.08, 0
16.09, 0
16.10, 0
16.11, 0
16.12, 1
16.13, 0
16.14, 1
16.15, 1
16.16, 2
16.17, 0
16.18, 0
16.19, 0
16.20, 3
16.21, 1
16.22, 0
16.23, 0
16.24, 0
16.25, 0
16.26, 0
16.27, 0
16.28, 1
16.29, 0
16.30, 0
16.31, 0
16.32, 1
16.33, 0
16.34, 1
16.35, 0
16.36, 1
16.37, 1
16.38, 1
16.39, 0
16.40, 0
16.41, 0
16.42, 0
16.43, 0
16.44, 1
16.45, 0
16.46, 0
16.47, 1
16.48, 1
16.49, 0
16.50, 0
16.51, 0
16.52, 0
16.53, 0
16.54, 0
16.55, 0
16.56, 1
16.57, 0
16.58, 1
16.59, 0
16.60, 1
16.61, 1
16.62, 0
16.63, 0
16.64, 0
16.65, 0
16.66, 1
16.67, 1
16.68, 0
16.69, 0
16.70, 0
16.71, 0
16.72, 0
16.73, 1
16.74, 0
16.75, 0
16.76, 1
16.77, 0
16.78, 0
16.79, 0
16.80, 1
16.81, 0
16.82, 1
16.83, 0
16.84, 0
16.85, 0
16.86, 0
16.87, 0
16.88, 2
16.89, 0
16.90, 1
16.91, 0
16.92, 0
16.93, 1
16.94, 0
16.95, 0
16.96, 0
16.97, 0
16.98, 2
16.99, 0
17.00, 0
17.01, 0
17.02, 0
17.03, 1
17.04, 1
17.05, 0
17.06, 0
17.07, 0
17.08, 1
17.09, 0
17.10, 1
17.11, 0
17.12, 1
17.13, 0
17.14, 0
17.15, 1
17.16, 0
17.17, 1
17.18, 0
17.19, 1
17.20, 1
17.21, 0
17.22, 0
17.23, 0
17.24, 0
17.25, 0
17.26, 1
17.27, 1
17.28, 1
17.29, 0
17.30, 0
17.31, 0
17.32, 0
17.33, 1
17.34, 1
17.35, 0
17.36, 2
17.37, 1
17.38, 0
17.39, 0
17.40, 1
17.41, 1
17.42, 0
17.43, 0
17.44, 0
17.45, 0
17.46, 1
17.47, 2
17.48, 1
17.49, 0
17.50, 0
17.51, 0
17.52, 0
17.53, 0
17.54, 0
17.55, 0
17.56, 2
17.57, 0
17.58, 0
17.59, 0
17.60, 0
17.61, 0
17.62, 0
17.63, 0
17.64, 0
17.65, 0
17.66, 0
17.67, 0
17.68, 0
17.69, 1
17.70, 0
17.71, 0
17.72, 0
17.73, 1
17.74, 0
17.75, 1
17.76, 0
17.77, 0
17.78, 0
17.79, 0
17.80, 0
17.81, 0
17.82, 0
17.83, 0
17.84, 0
17.85, 0
17.86, 0
17.87, 0
17.88, 0
17.89, 0
17.90, 0
17.91, 1
17.92, 0
17.93, 1
17.94, 0
17.95, 1
17.96, 0
17.97, 0
17.98, 0
17.99, 0
18.00, 1
18.01, 0
18.02, 0
18.03, 0
18.04, 0
18.05, 0
18.06, 0
18.07, 0
18.08, 0
18.09, 0
18.10, 0
18.11, 0
18.12, 0
18.13, 0
18.14, 0
18.15, 0
18.16, 0
18.17, 0
18.18, 0
18.19, 0
18.20, 0
18.21, 0
18.22, 0
18.23, 0
18.24, 0
18.25, 0
18.26, 0
18.27, 0
18.28, 0
18.29, 0
18.30, 0
18.31, 0
18.32, 0
18.33, 0
18.34, 0
18.35, 0
18.36, 0
18.37, 0
18.38, 0
18.39, 0
18.40, 0
18.41, 0
18.42, 0
18.43, 1
18.44, 0
18.45, 0
18.46, 0
18.47, 0
18.48, 0
18.49, 0
18.50, 0
18.51, 0
18.52, 0
18.53, 1
18.54, 0
18.55, 0
18.56, 0
18.57, 0
18.58, 1
18.59, 0
18.60, 0
18.61, 0
18.62, 0
18.63, 0
18.64, 0
18.65, 0
18.66, 0
18.67, 0
18.68, 0
18.69, 0
18.70, 0
18.71, 0
18.72, 0
18.73, 0
18.74, 0
18.75, 0
18.76, 1
18.77, 0
18.78, 0
18.79, 0
18.80, 0
18.81, 0
18.82, 0
18.83, 0
18.84, 0
18.85, 0
18.86, 0
18.87, 0
18.88, 0
18.89, 0
18.90, 0
18.91, 0
18.92, 0
18.93, 0
18.94, 0
18.95, 0
18.96, 0
18.97, 0
18.98, 0
18.99, 0
19.00, 0
19.01, 0
19.02, 0
19.03, 0
19.04, 0
19.05, 0
19.06, 0
19.07, 0
19.08, 0
19.09, 0
19.10, 0
19.11, 0
19.12, 0
19.13, 0
19.14, 0
19.15, 0
19.16, 0
19.17, 0
19.18, 0
19.19, 0
19.20, 0
19.21, 0
19.22, 0
19.23, 0
19.24, 0
19.25, 0
19.26, 0
19.27, 0
19.28, 0
19.29, 0
19.30, 0
19.31, 0
19.32, 0
19.33, 0
19.34, 0
19.35, 0
19.36, 0
19.37, 0
19.38, 0
19.39, 0
19.40, 0
19.41, 0
19.42, 0
19.43, 0
19.44, 0
19.45, 0
19.46, 0
19.47, 0
19.48, 0
19.49, 0
19.50, 0
19.51, 0
19.52, 0
19.53, 0
19.54, 0
19.55, 0
19.56, 0
19.57, 0
19.58, 0
19.59, 0
19.60, 0
19.61, 0
19.62, 0
19.63, 0
19.64, 0
19.65, 0
19.66, 0
19.67, 0
19.68, 0
19.69, 0
19.70, 0
19.71, 0
19.72, 0
19.73, 0
19.74, 0
19.75, 0
19.76, 0
19.77, 0
19.78, 0
19.79, 0
19.80, 0
19.81, 0
19.82, 0
19.83, 0
19.84, 0
19.85, 0
19.86, 0
19.87, 0
19.88, 0
19.89, 0
19.90, 0
19.91, 0
19.92, 0
19.93, 0
19.94, 0
19.95, 0
19.96, 0
19.97, 0
19.98, 0
19.99, 0
20.00, 0
20.01, 0
20.02, 0
20.03, 0
20.04, 0
20.05, 0
20.06, 0
20.07, 0
20.08, 0
20.09, 0
20.10, 0
20.11, 0
20.12, 0
20.13, 0
20.14, 0
20.15, 0
20.16, 0
20.17, 0
20.18, 0
20.19, 0
20.20, 0
20.21, 0
20.22, 0
20.23, 0
20.24, 0
20.25, 0
20.26, 0
20.27, 0
20.28, 0
20.29, 0
20.30, 0
20.31, 0
20.32, 0
20.33, 0
20.34, 0
20.35, 0
20.36, 0
20.37, 0
20.38, 0
20.39, 0
20.40, 0
20.41, 0
20.42, 0
20.43, 0
20.44, 0
20.45, 0
20.46, 0
20.47, 0
