0.00, 0
0.01, 0
0.02, 0
0.03, 0
0.04, 0
0.05, 0
0.06, 0
0.07, 35
0.08, 10
0.09, 5
0.10, 8
0.11, 9
0.12, 3
0.13, 12
0.14, 6
0.15, 7
0.16, 7
0.17, 14
0.18, 23
0.19, 16
0.20, 24
0.21, 29
0.22, 46
0.23, 66
0.24, 145
0.25, 276
0.26, 407
0.27, 519
0.28, 537
0.29, 470
0.30, 338
0.31, 178
0.32, 97
0.33, 60
0.34, 30
0.35, 24
0.36, 22
0.37, 38
0.38, 52
0.39, 60
0.40, 65
0.41, 56
0.42, 46
0.43, 46
0.44, 41
0.45, 44
0.46, 70
0.47, 94
0.48, 173
0.49, 307
0.50, 559
0.51, 787
0.52, 955
0.53, 1107
0.54, 950
0.55, 738
0.56, 519
0.57, 274
0.58, 117
0.59, 59
0.60, 29
0.61, 21
0.62, 20
0.63, 26
0.64, 12
0.65, 4
0.66, 15
0.67, 23
0.68, 17
0.69, 14
0.70, 23
0.71, 26
0.72, 26
0.73, 38
0.74, 23
0.75, 17
0.76, 23
0.77, 19
0.78, 14
0.79, 17
0.80, 20
0.81, 19
0.82, 16
0.83, 20
0.84, 20
0.85, 22
0.86, 23
0.87, 19
0.88, 15
0.89, 17
0.90, 16
0.91, 20
0.92, 18
0.93, 8
0.94, 12
0.95, 20
0.96, 23
0.97, 20
0.98, 19
0.99, 15
1.00, 16
1.01, 21
1.02, 22
1.03, 18
1.04, 22
1.05, 19
1.06, 19
1.07, 18
1.08, 18
1.09, 19
1.10, 16
1.11, 18
1.12, 11
1.13, 23
1.14, 18
1.15, 13
1.16, 18
1.17, 15
1.18, 14
1.19, 18
1.20, 17
1.21, 20
1.22, 20
1.23, 19
1.24, 12
1.25, 19
1.26, 25
1.27, 18
1.28, 25
1.29, 21
1.30, 16
1.31, 15
1.32, 20
1.33, 16
1.34, 17
1.35, 16
1.36, 15
1.37, 14
1.38, 16
1.39, 17
1.40, 16
1.41, 24
1.42, 30
1.43, 43
1.44, 64
1.45, 89
1.46, 134
1.47, 176
1.48, 231
1.49, 224
1.50, 243
1.51, 218
1.52, 180
1.53, 151
1.54, 108
1.55, 60
1.56, 41
1.57, 22
1.58, 27
1.59, 18
1.60, 15
1.61, 9
1.62, 6
1.63, 19
1.64, 12
1.65, 11
1.66, 20
1.67, 20
1.68, 41
1.69, 38
1.70, 45
1.71, 78
1.72, 121
1.73, 156
1.74, 152
1.75, 155
1.76, 160
1.77, 140
1.78, 120
1.79, 101
1.80, 48
1.81, 51
1.82, 30
1.83, 16
1.84, 19
1.85, 22
1.86, 17
1.87, 15
1.88, 15
1.89, 8
1.90, 11
1.91, 12
1.92, 12
1.93, 4
1.94, 18
1.95, 15
1.96, 6
1.97, 11
1.98, 6
1.99, 13
2.00, 5
2.01, 13
2.02, 19
2.03, 13
2.04, 8
2.05, 9
2.06, 14
2.07, 4
2.08, 8
2.09, 7
2.10, 7
2.11, 8
2.12, 13
2.13, 4
2.14, 7
2.15, 5
2.16, 9
2.17, 9
2.18, 7
2.19, 8
2.20, 7
2.21, 8
2.22, 13
2.23, 10
2.24, 5
2.25, 5
2.26, 11
2.27, 12
2.28, 17
2.29, 15
2.30, 20
2.31, 21
2.32, 14
2.33, 16
2.34, 18
2.35, 19
2.36, 14
2.37, 12
2.38, 13
2.39, 15
2.40, 12
2.41, 5
2.42, 9
2.43, 13
2.44, 9
2.45, 11
2.46, 14
2.47, 11
2.48, 10
2.49, 11
2.50, 8
2.51, 6
2.52, 9
2.53, 6
2.54, 6
2.55, 4
2.56, 3
2.57, 10
2.58, 1
2.59, 6
2.60, 7
2.61, 13
2.62, 8
2.63, 4
2.64, 7
2.65, 7
2.66, 9
2.67, 10
2.68, 7
2.69, 5
2.70, 9
2.71, 7
2.72, 3
2.73, 8
2.74, 6
2.75, 6
2.76, 4
2.77, 7
2.78, 7
2.79, 1
2.80, 8
2.81, 8
2.82, 3
2.83, 6
2.84, 1
2.85, 4
2.86, 4
2.87, 6
2.88, 2
2.89, 5
2.90, 1
2.91, 6
2.92, 4
2.93, 5
2.94, 8
2.95, 2
2.96, 8
2.97, 5
2.98, 2
2.99, 9
3.00, 4
3.01, 4
3.02, 1
3.03, 2
3.04, 3
3.05, 7
3.06, 5
3.07, 8
3.08, 8
3.09, 4
3.10, 4
3.11, 3
3.12, 5
3.13, 3
3.14, 3
3.15, 3
3.16, 6
3.17, 6
3.18, 3
3.19, 4
3.20, 4
3.21, 5
3.22, 2
3.23, 2
3.24, 4
3.25, 4
3.26, 5
3.27, 2
3.28, 4
3.29, 3
3.30, 5
3.31, 4
3.32, 6
3.33, 5
3.34, 1
3.35, 5
3.36, 5
3.37, 7
3.38, 5
3.39, 4
3.40, 3
3.41, 2
3.42, 5
3.43, 6
3.44, 6
3.45, 2
3.46, 9
3.47, 4
3.48, 3
3.49, 0
3.50, 4
3.51, 0
3.52, 5
3.53, 0
3.54, 2
3.55, 2
3.56, 6
3.57, 0
3.58, 7
3.59, 4
3.60, 4
3.61, 3
3.62, 2
3.63, 6
3.64, 4
3.65, 6
3.66, 3
3.67, 9
3.68, 5
3.69, 5
3.70, 8
3.71, 13
3.72, 5
3.73, 8
3.74, 4
3.75, 8
3.76, 4
3.77, 1
3.78, 3
3.79, 2
3.80, 4
3.81, 4
3.82, 1
3.83, 0
3.84, 3
3.85, 3
3.86, 0
3.87, 2
3.88, 3
3.89, 2
3.90, 5
3.91, 3
3.92, 2
3.93, 4
3.94, 2
3.95, 0
3.96, 1
3.97, 4
3.98, 1
3.99, 1
4.00, 1
4.01, 0
4.02, 5
4.03, 4
4.04, 4
4.05, 2
4.06, 4
4.07, 3
4.08, 1
4.09, 6
4.10, 4
4.11, 2
4.12, 2
4.13, 5
4.14, 1
4.15, 1
4.16, 1
4.17, 1
4.18, 3
4.19, 0
4.20, 1
4.21, 4
4.22, 1
4.23, 2
4.24, 1
4.25, 0
4.26, 3
4.27, 4
4.28, 0
4.29, 1
4.30, 3
4.31, 2
4.32, 2
4.33, 2
4.34, 3
4.35, 1
4.36, 2
4.37, 2
4.38, 1
4.39, 2
4.40, 0
4.41, 0
4.42, 2
4.43, 4
4.44, 3
4.45, 2
4.46, 1
4.47, 1
4.48, 2
4.49, 1
4.50, 0
4.51, 1
4.52, 2
4.53, 2
4.54, 0
4.55, 1
4.56, 2
4.57, 1
4.58, 1
4.59, 0
4.60, 2
4.61, 3
4.62, 2
4.63, 1
4.64, 2
4.65, 1
4.66, 1
4.67, 1
4.68, 1
4.69, 2
4.70, 1
4.71, 1
4.72, 1
4.73, 5
4.74, 2
4.75, 2
4.76, 0
4.77, 2
4.78, 1
4.79, 4
4.80, 1
4.81, 2
4.82, 0
4.83, 1
4.84, 0
4.85, 0
4.86, 0
4.87, 1
4.88, 1
4.89, 1
4.90, 4
4.91, 2
4.92, 1
4.93, 0
4.94, 2
4.95, 1
4.96, 2
4.97, 1
4.98, 2
4.99, 3
5.00, 0
5.01, 1
5.02, 3
5.03, 1
5.04, 1
5.05, 2
5.06, 2
5.07, 1
5.08, 2
5.09, 0
5.10, 3
5.11, 1
5.12, 1
5.13, 0
5.14, 1
5.15, 0
5.16, 1
5.17, 2
5.18, 3
5.19, 1
5.20, 2
5.21, 2
5.22, 0
5.23, 0
5.24, 2
5.25, 0
5.26, 0
5.27, 1
5.28, 1
5.29, 2
5.30, 3
5.31, 2
5.32, 0
5.33, 1
5.34, 1
5.35, 0
5.36, 0
5.37, 2
5.38, 2
5.39, 2
5.40, 1
5.41, 1
5.42, 4
5.43, 3
5.44, 1
5.45, 1
5.46, 0
5.47, 0
5.48, 0
5.49, 2
5.50, 1
5.51, 0
5.52, 0
5.53, 0
5.54, 0
5.55, 1
5.56, 0
5.57, 4
5.58, 0
5.59, 2
5.60, 0
5.61, 1
5.62, 2
5.63, 1
5.64, 0
5.65, 0
5.66, 0
5.67, 2
5.68, 2
5.69, 0
5.70, 3
5.71, 2
5.72, 2
5.73, 0
5.74, 1
5.75, 4
5.76, 2
5.77, 0
5.78, 0
5.79, 1
5.80, 1
5.81, 1
5.82, 0
5.83, 0
5.84, 0
5.85, 0
5.86, 1
5.87, 0
5.88, 1
5.89, 0
5.90, 0
5.91, 1
5.92, 0
5.93, 1
5.94, 0
5.95, 1
5.96, 1
5.97, 0
5.98, 0
5.99, 1
6.00, 2
6.01, 4
6.02, 2
6.03, 0
6.04, 1
6.05, 0
6.06, 0
6.07, 1
6.08, 2
6.09, 1
6.10, 0
6.11, 1
6.12, 0
6.13, 0
6.14, 3
6.15, 0
6.16, 1
6.17, 0
6.18, 0
6.19, 0
6.20, 1
6.21, 1
6.22, 2
6.23, 1
6.24, 1
6.25, 1
6.26, 1
6.27, 0
6.28, 0
6.29, 2
6.30, 0
6.31, 1
6.32, 0
6.33, 0
6.34, 0
6.35, 2
6.36, 0
6.37, 0
6.38, 3
6.39, 1
6.40, 3
6.41, 1
6.42, 1
6.43, 3
6.44, 1
6.45, 1
6.46, 2
6.47, 0
6.48, 0
6.49, 3
6.50, 1
6.51, 0
6.52, 2
6.53, 1
6.54, 3
6.55, 0
6.56, 2
6.57, 0
6.58, 1
6.59, 0
6.60, 2
6.61, 0
6.62, 0
6.63, 2
6.64, 1
6.65, 0
6.66, 0
6.67, 1
6.68, 1
6.69, 0
6.70, 0
6.71, 0
6.72, 0
6.73, 2
6.74, 1
6.75, 1
6.76, 0
6.77, 0
6.78, 0
6.79, 0
6.80, 0
6.81, 1
6.82, 0
6.83, 0
6.84, 0
6.85, 1
6.86, 0
6.87, 1
6.88, 3
6.89, 0
6.90, 2
6.91, 2
6.92, 1
6.93, 1
6.94, 0
6.95, 0
6.96, 1
6.97, 1
6.98, 1
6.99, 1
7.00, 1
7.01, 0
7.02, 1
7.03, 0
7.04, 0
7.05, 1
7.06, 1
7.07, 0
7.08, 1
7.09, 1
7.10, 1
7.11, 2
7.12, 0
7.13, 2
7.14, 0
7.15, 0
7.16, 0
7.17, 1
7.18, 0
7.19, 1
7.20, 0
7.21, 0
7.22, 0
7.23, 0
7.24, 1
7.25, 1
7.26, 1
7.27, 0
7.28, 0
7.29, 0
7.30, 0
7.31, 1
7.32, 0
7.33, 0
7.34, 2
7.35, 4
7.36, 1
7.37, 2
7.38, 4
7.39, 2
7.40, 1
7.41, 1
7.42, 1
7.43, 1
7.44, 5
7.45, 0
7.46, 0
7.47, 1
7.48, 2
7.49, 1
7.50, 1
7.51, 2
7.52, 0
7.53, 0
7.54, 1
7.55, 0
7.56, 0
7.57, 1
7.58, 1
7.59, 2
7.60, 1
7.61, 3
7.62, 1
7.63, 0
7.64, 2
7.65, 0
7.66, 1
7.67, 1
7.68, 0
7.69, 0
7.70, 0
7.71, 0
7.72, 1
7.73, 0
7.74, 1
7.75, 1
7.76, 2
7.77, 1
7.78, 0
7.79, 0
7.80, 2
7.81, 1
7.82, 1
7.83, 1
7.84, 0
7.85, 1
7.86, 1
7.87, 0
7.88, 0
7.89, 1
7.90, 0
7.91, 0
7.92, 0
7.93, 0
7.94, 1
7.95, 0
7.96, 1
7.97, 0
7.98, 0
7.99, 0
8.00, 0
8.01, 3
8.02, 1
8.03, 1
8.04, 0
8.05, 0
8.06, 1
8.07, 0
8.08, 1
8.09, 1
8.10, 0
8.11, 1
8.12, 0
8.13, 1
8.14, 1
8.15, 1
8.16, 0
8.17, 0
8.18, 0
8.19, 2
8.20, 0
8.21, 0
8.22, 2
8.23, 0
8.24, 1
8.25, 0
8.26, 0
8.27, 1
8.28, 0
8.29, 0
8.30, 1
8.31, 0
8.32, 1
8.33, 3
8.34, 1
8.35, 0
8.36, 0
8.37, 1
8.38, 0
8.39, 0
8.40, 1
8.41, 0
8.42, 0
8.43, 0
8.44, 1
8.45, 1
8.46, 0
8.47, 0
8.48, 3
8.49, 0
8.50, 1
8.51, 0
8.52, 0
8.53, 0
8.54, 0
8.55, 0
8.56, 1
8.57, 1
8.58, 1
8.59, 1
8.60, 1
8.61, 0
8.62, 1
8.63, 1
8.64, 1
8.65, 2
8.66, 0
8.67, 1
8.68, 1
8.69, 0
8.70, 2
8.71, 2
8.72, 1
8.73, 0
8.74, 0
8.75, 0
8.76, 2
8.77, 0
8.78, 2
8.79, 1
8.80, 1
8.81, 1
8.82, 0
8.83, 1
8.84, 0
8.85, 0
8.86, 1
8.87, 1
8.88, 0
8.89, 1
8.90, 0
8.91, 0
8.92, 2
8.93, 1
8.94, 0
8.95, 0
8.96, 1
8.97, 0
8.98, 1
8.99, 0
9.00, 2
9.01, 0
9.02, 1
9.03, 0
9.04, 1
9.05, 1
9.06, 0
9.07, 0
9.08, 1
9.09, 1
9.10, 2
9.11, 1
9.12, 0
9.13, 1
9.14, 1
9.15, 0
9.16, 1
9.17, 1
9.18, 1
9.19, 2
9.20, 0
9.21, 0
9.22, 0
9.23, 0
9.24, 1
9.25, 1
9.26, 0
9.27, 0
9.28, 0
9.29, 1
9.30, 0
9.31, 3
9.32, 1
9.33, 2
9.34, 1
9.35, 1
9.36, 0
9.37, 0
9.38, 1
9.39, 0
9.40, 0
9.41, 0
9.42, 0
9.43, 1
9.44, 1
9.45, 1
9.46, 0
9.47, 1
9.48, 1
9.49, 1
9.50, 2
9.51, 0
9.52, 0
9.53, 1
9.54, 0
9.55, 1
9.56, 0
9.57, 1
9.58, 1
9.59, 0
9.60, 0
9.61, 1
9.62, 1
9.63, 1
9.64, 0
9.65, 0
9.66, 0
9.67, 0
9.68, 1
9.69, 1
9.70, 0
9.71, 1
9.72, 0
9.73, 0
9.74, 0
9.75, 0
9.76, 1
9.77, 0
9.78, 2
9.79, 0
9.80, 0
9.81, 0
9.82, 2
9.83, 0
9.84, 1
9.85, 0
9.86, 1
9.87, 0
9.88, 1
9.89, 1
9.90, 0
9.91, 0
9.92, 1
9.93, 0
9.94, 0
9.95, 0
9.96, 1
9.97, 1
9.98, 1
9.99, 0
10.00, 1
10.01, 1
10.02, 0
10.03, 2
10.04, 2
10.05, 0
10.06, 1
10.07, 2
10.08, 0
10.09, 2
10.10, 1
10.11, 0
10.12, 0
10.13, 0
10.14, 0
10.15, 0
10.16, 0
10.17, 2
10.18, 1
10.19, 0
10.20, 0
10.21, 0
10.22, 1
10.23, 0
10.24, 1
10.25, 1
10.26, 0
10.27, 1
10.28, 0
10.29, 0
10.30, 0
10.31, 1
10.32, 0
10.33, 0
10.34, 1
10.35, 0
10.36, 0
10.37, 0
10.38, 0
10.39, 0
10.40, 0
10.41, 0
10.42, 0
10.43, 0
10.44, 0
10.45, 1
10.46, 0
10.47, 0
10.48, 2
10.49, 0
10.50, 0
10.51, 0
10.52, 0
10.53, 0
10.54, 0
10.55, 1
10.56, 1
10.57, 0
10.58, 0
10.59, 1
10.60, 0
10.61, 1
10.62, 1
10.63, 0
10.64, 0
10.65, 1
10.66, 1
10.67, 0
10.68, 0
10.69, 1
10.70, 0
10.71, 0
10.72, 0
10.73, 0
10.74, 1
10.75, 1
10.76, 1
10.77, 1
10.78, 0
10.79, 1
10.80, 2
10.81, 0
10.82, 1
10.83, 0
10.84, 0
10.85, 0
10.86, 0
10.87, 0
10.88, 3
10.89, 2
10.90, 0
10.91, 0
10.92, 1
10.93, 0
10.94, 0
10.95, 0
10.96, 0
10.97, 1
10.98, 0
10.99, 1
11.00, 0
11.01, 2
11.02, 0
11.03, 0
11.04, 0
11.05, 0
11.06, 0
11.07, 0
11.08, 2
11.09, 1
11.10, 3
11.11, 1
11.12, 0
11.13, 1
11.14, 0
11.15, 2
11.16, 0
11.17, 1
11.18, 0
11.19, 0
11.20, 0
11.21, 1
11.22, 0
11.23, 1
11.24, 0
11.25, 1
11.26, 0
11.27, 0
11.28, 0
11.29, 1
11.30, 0
11.31, 1
11.32, 0
11.33, 1
11.34, 2
11.35, 0
11.36, 1
11.37, 0
11.38, 1
11.39, 0
11.40, 0
11.41, 0
11.42, 0
11.43, 0
11.44, 1
11.45, 0
11.46, 0
11.47, 0
11.48, 0
11.49, 0
11.50, 1
11.51, 1
11.52, 0
11.53, 0
11.54, 1
11.55, 0
11.56, 0
11.57, 0
11.58, 1
11.59, 2
11.60, 0
11.61, 0
11.62, 1
11.63, 0
11.64, 0
11.65, 0
11.66, 1
11.67, 0
11.68, 1
11.69, 2
11.70, 0
11.71, 1
11.72, 2
11.73, 0
11.74, 0
11.75, 2
11.76, 0
11.77, 0
11.78, 2
11.79, 0
11.80, 3
11.81, 0
11.82, 1
11.83, 1
11.84, 0
11.85, 0
11.86, 0
11.87, 1
11.88, 1
11.89, 1
11.90, 1
11.91, 1
11.92, 1
11.93, 0
11.94, 0
11.95, 0
11.96, 0
11.97, 1
11.98, 1
11.99, 1
12.00, 0
12.01, 1
12.02, 0
12.03, 0
12.04, 1
12.05, 1
12.06, 0
12.07, 2
12.08, 0
12.09, 1
12.10, 0
12.11, 1
12.12, 0
12.13, 1
12.14, 0
12.15, 0
12.16, 1
12.17, 0
12.18, 0
12.19, 2
12.20, 2
12.21, 0
12.22, 0
12.23, 0
12.24, 0
12.25, 0
12.26, 1
12.27, 1
12.28, 0
12.29, 0
12.30, 0
12.31, 1
12.32, 1
12.33, 0
12.34, 1
12.35, 2
12.36, 2
12.37, 0
12.38, 0
12.39, 0
12.40, 0
12.41, 0
12.42, 0
12.43, 1
12.44, 1
12.45, 0
12.46, 1
12.47, 0
12.48, 1
12.49, 0
12.50, 0
12.51, 0
12.52, 1
12.53, 0
12.54, 2
12.55, 0
12.56, 0
12.57, 1
12.58, 1
12.59, 1
12.60, 0
12.61, 1
12.62, 1
12.63, 1
12.64, 0
12.65, 1
12.66, 0
12.67, 0
12.68, 1
12.69, 0
12.70, 1
12.71, 0
12.72, 1
12.73, 0
12.74, 3
12.75, 1
12.76, 0
12.77, 0
12.78, 0
12.79, 1
12.80, 0
12.81, 1
12.82, 1
12.83, 2
12.84, 0
12.85, 1
12.86, 0
12.87, 0
12.88, 0
12.89, 2
12.90, 0
12.91, 1
12.92, 0
12.93, 1
12.94, 1
12.95, 0
12.96, 1
12.97, 0
12.98, 2
12.99, 3
13.00, 0
13.01, 1
13.02, 0
13.03, 0
13.04, 1
13.05, 0
13.06, 0
13.07, 0
13.08, 0
13.09, 1
13.10, 0
13.11, 0
13.12, 1
13.13, 1
13.14, 0
13.15, 2
13.16, 0
13.17, 1
13.18, 0
13.19, 0
13.20, 1
13.21, 0
13.22, 0
13.23, 0
13.24, 1
13.25, 1
13.26, 1
13.27, 0
13.28, 0
13.29, 0
13.30, 1
13.31, 0
13.32, 1
13.33, 1
13.34, 0
13.35, 1
13.36, 0
13.37, 0
13.38, 0
13.39, 1
13.40, 0
13.41, 1
13.42, 0
13.43, 0
13.44, 1
13.45, 0
13.46, 0
13.47, 0
13.48, 1
13.49, 0
13.50, 1
13.51, 1
13.52, 0
13.53, 0
13.54, 2
13.55, 2
13.56, 0
13.57, 2
13.58, 1
13.59, 0
13.60, 0
13.61, 0
13.62, 0
13.63, 0
13.64, 0
13.65, 0
13.66, 0
13.67, 0
13.68, 2
13.69, 1
13.70, 0
13.71, 1
13.72, 0
13.73, 1
13.74, 0
13.75, 0
13.76, 1
13.77, 0
13.78, 0
13.79, 0
13.80, 0
13.81, 1
13.82, 0
13.83, 0
13.84, 0
13.85, 1
13.86, 1
13.87, 1
13.88, 3
13.89, 0
13.90, 1
13.91, 1
13.92, 0
13.93, 2
13.94, 0
13.95, 0
13.96, 1
13.97, 2
13.98, 1
13.99, 1
14.00, 0
14.01, 0
14.02, 1
14.03, 0
14.04, 0
14.05, 0
14.06, 1
14.07, 0
14.08, 0
14.09, 1
14.10, 1
14.11, 0
14.12, 1
14.13, 0
14.14, 0
14.15, 1
14.16, 0
14.17, 1
14.18, 0
14.19, 0
14.20, 2
14.21, 0
14.22, 1
14.23, 2
14.24, 1
14.25, 0
14.26, 0
14.27, 0
14.28, 2
14.29, 0
14.30, 1
14.31, 0
14.32, 0
14.33, 0
14.34, 2
14.35, 0
14.36, 1
14.37, 1
14.38, 0
14.39, 1
14.40, 0
14.41, 0
14.42, 0
14.43, 1
14.44, 1
14.45, 0
14.46, 0
14.47, 0
14.48, 1
14.49, 1
14.50, 1
14.51, 2
14.52, 0
14.53, 0
14.54, 1
14.55, 0
14.56, 0
14.57, 0
14.58, 0
14.59, 0
14.60, 0
14.61, 0
14.62, 1
14.63, 0
14.64, 0
14.65, 0
14.66, 1
14.67, 0
14.68, 1
14.69, 0
14.70, 0
14.71, 1
14.72, 0
14.73, 1
14.74, 0
14.75, 0
14.76, 3
14.77, 1
14.78, 1
14.79, 1
14.80, 0
14.81, 0
14.82, 1
14.83, 0
14.84, 0
14.85, 2
14.86, 0
14.87, 0
14.88, 0
14.89, 1
14.90, 1
14.91, 0
14.92, 0
14.93, 2
14.94, 0
14.95, 1
14.96, 0
14.97, 0
14.98, 0
14.99, 0
15.00, 1
15.01, 2
15.02, 0
15.03, 2
15.04, 1
15.05, 2
15.06, 1
15.07, 0
15.08, 0
15.09, 0
15.10, 0
15.11, 1
15.12, 0
15.13, 0
15.14, 1
15.15, 0
15.16, 0
15.17, 0
15.18, 0
15.19, 0
15.20, 0
15.21, 0
15.22, 1
15.23, 1
15.24, 0
15.25, 0
15.26, 0
15.27, 0
15.28, 0
15.29, 2
15.30, 0
15.31, 1
15.32, 2
15.33, 0
15.34, 0
15.35, 0
15.36, 1
15.37, 1
15.38, 0
15.39, 1
15.40, 0
15.41, 0
15.42, 1
15.43, 0
15.44, 0
15.45, 0
15.46, 1
15.47, 1
15.48, 0
15.49, 1
15.50, 0
15.51, 0
15.52, 1
15.53, 0
15.54, 1
15.55, 1
15.56, 0
15.57, 0
15.58, 0
15.59, 0
15.60, 0
15.61, 0
15.62, 1
15.63, 2
15.64, 0
15.65, 0
15.66, 0
15.67, 1
15.68, 1
15.69, 2
15.70, 3
15.71, 0
15.72, 0
15.73, 2
15.74, 0
15.75, 0
15.76, 0
15.77, 0
15.78, 0
15.79, 1
15.80, 1
15.81, 2
15.82, 0
15.83, 0
15.84, 0
15.85, 0
15.86, 0
15.87, 1
15.88, 0
15.89, 0
15.90, 0
15.91, 0
15.92, 0
15.93, 3
15.94, 0
15.95, 1
15.96, 0
15.97, 1
15.98, 0
15.99, 2
16.00, 0
16.01, 0
16.02, 1
16.03, 0
16.04, 0
16.05, 0
16.06, 2
16.07, 0
16.08, 1
16.09, 0
16.10, 0
16.11, 1
16.12, 0
16.13, 1
16.14, 0
16.15, 0
16.16, 1
16.17, 0
16.18, 1
16.19, 0
16.20, 0
16.21, 0
16.22, 0
16.23, 1
16.24, 2
16.25, 0
16.26, 0
16.27, 0
16.28, 0
16.29, 1
16.30, 1
16.31, 1
16.32, 0
16.33, 0
16.34, 1
16.35, 0
16.36, 0
16.37, 0
16.38, 0
16.39, 0
16.40, 0
16.41, 0
16.42, 1
16.43, 1
16.44, 0
16.45, 0
16.46, 2
16.47, 2
16.48, 0
16.49, 0
16.50, 1
16.51, 1
16.52, 1
16.53, 1
16.54, 1
16.55, 0
16.56, 0
16.57, 1
16.58, 0
16.59, 0
16.60, 1
16.61, 0
16.62, 0
16.63, 0
16.64, 0
16.65, 1
16.66, 0
16.67, 1
16.68, 0
16.69, 0
16.70, 0
16.71, 1
16.72, 1
16.73, 0
16.74, 1
16.75, 0
16.76, 2
16.77, 0
16.78, 1
16.79, 0
16.80, 0
16.81, 0
16.82, 2
16.83, 0
16.84, 2
16.85, 1
16.86, 0
16.87, 0
16.88, 0
16.89, 0
16.90, 0
16.91, 0
16.92, 2
16.93, 0
16.94, 0
16.95, 1
16.96, 0
16.97, 0
16.98, 1
16.99, 0
17.00, 0
17.01, 1
17.02, 1
17.03, 0
17.04, 0
17.05, 0
17.06, 0
17.07, 1
17.08, 0
17.09, 0
17.10, 0
17.11, 2
17.12, 0
17.13, 0
17.14, 0
17.15, 0
17.16, 0
17.17, 0
17.18, 0
17.19, 0
17.20, 0
17.21, 0
17.22, 1
17.23, 0
17.24, 0
17.25, 0
17.26, 1
17.27, 0
17.28, 0
17.29, 1
17.30, 0
17.31, 0
17.32, 1
17.33, 1
17.34, 0
17.35, 0
17.36, 1
17.37, 1
17.38, 0
17.39, 0
17.40, 1
17.41, 0
17.42, 1
17.43, 0
17.44, 0
17.45, 0
17.46, 0
17.47, 0
17.48, 0
17.49, 1
17.50, 1
17.51, 1
17.52, 0
17.53, 0
17.54, 1
17.55, 1
17.56, 0
17.57, 1
17.58, 1
17.59, 1
17.60, 1
17.61, 1
17.62, 0
17.63, 0
17.64, 0
17.65, 1
17.66, 0
17.67, 0
17.68, 1
17.69, 1
17.70, 2
17.71, 0
17.72, 0
17.73, 1
17.74, 0
17.75, 0
17.76, 0
17.77, 0
17.78, 0
17.79, 0
17.80, 0
17.81, 1
17.82, 0
17.83, 2
17.84, 0
17.85, 1
17.86, 0
17.87, 0
17.88, 0
17.89, 0
17.90, 0
17.91, 0
17.92, 0
17.93, 0
17.94, 0
17.95, 0
17.96, 1
17.97, 0
17.98, 0
17.99, 1
18.00, 0
18.01, 0
18.02, 0
18.03, 0
18.04, 0
18.05, 0
18.06, 0
18.07, 0
18.08, 0
18.09, 1
18.10, 2
18.11, 0
18.12, 0
18.13, 0
18.14, 0
18.15, 1
18.16, 1
18.17, 1
18.18, 0
18.19, 0
18.20, 0
18.21, 2
18.22, 2
18.23, 0
18.24, 1
18.25, 0
18.26, 1
18.27, 0
18.28, 0
18.29, 0
18.30, 0
18.31, 0
18.32, 0
18.33, 0
18.34, 0
18.35, 0
18.36, 0
18.37, 0
18.38, 0
18.39, 0
18.40, 0
18.41, 0
18.42, 0
18.43, 0
18.44, 1
18.45, 0
18.46, 0
18.47, 1
18.48, 0
18.49, 0
18.50, 0
18.51, 0
18.52, 0
18.53, 0
18.54, 0
18.55, 0
18.56, 1
18.57, 0
18.58, 0
18.59, 0
18.60, 0
18.61, 0
18.62, 0
18.63, 0
18.64, 0
18.65, 0
18.66, 0
18.67, 0
18.68, 0
18.69, 0
18.70, 0
18.71, 0
18.72, 0
18.73, 0
18.74, 0
18.75, 0
18.76, 0
18.77, 0
18.78, 0
18.79, 0
18.80, 0
18.81, 0
18.82, 0
18.83, 0
18.84, 0
18.85, 0
18.86, 0
18.87, 0
18.88, 0
18.89, 0
18.90, 0
18.91, 0
18.92, 0
18.93, 0
18.94, 0
18.95, 0
18.96, 0
18.97, 0
18.98, 1
18.99, 0
19.00, 1
19.01, 0
19.02, 0
19.03, 0
19.04, 0
19.05, 0
19.06, 0
19.07, 0
19.08, 0
19.09, 0
19.10, 0
19.11, 0
19.12, 0
19.13, 0
19.14, 0
19.15, 0
19.16, 0
19.17, 0
19.18, 0
19.19, 0
19.20, 0
19.21, 0
19.22, 0
19.23, 0
19.24, 0
19.25, 0
19.26, 0
19.27, 0
19.28, 1
19.29, 0
19.30, 0
19.31, 1
19.32, 0
19.33, 0
19.34, 0
19.35, 0
19.36, 0
19.37, 0
19.38, 0
19.39, 0
19.40, 0
19.41, 0
19.42, 0
19.43, 0
19.44, 0
19.45, 0
19.46, 0
19.47, 0
19.48, 0
19.49, 0
19.50, 0
19.51, 0
19.52, 0
19.53, 0
19.54, 0
19.55, 0
19.56, 0
19.57, 0
19.58, 0
19.59, 0
19.60, 0
19.61, 0
19.62, 0
19.63, 0
19.64, 0
19.65, 0
19.66, 0
19.67, 0
19.68, 0
19.69, 0
19.70, 0
19.71, 0
19.72, 0
19.73, 0
19.74, 0
19.75, 0
19.76, 0
19.77, 0
19.78, 0
19.79, 0
19.80, 0
19.81, 0
19.82, 0
19.83, 0
19.84, 0
19.85, 0
19.86, 0
19.87, 0
19.88, 0
19.89, 0
19.90, 0
19.91, 0
19.92, 0
19.93, 0
19.94, 0
19.95, 0
19.96, 0
19.97, 0
19.98, 0
19.99, 0
20.00, 0
20.01, 0
20.02, 0
20.03, 0
20.04, 0
20.05, 0
20.06, 0
20.07, 0
20.08, 0
20.09, 0
20.10, 0
20.11, 0
20.12, 0
20.13, 0
20.14, 0
20.15, 0
20.16, 0
20.17, 0
20.18, 0
20.19, 0
20.20, 0
20.21, 0
20.22, 0
20.23, 0
20.24, 0
20.25, 0
20.26, 0
20.27, 0
20.28, 0
20.29, 0
20.30, 0
20.31, 0
20.32, 0
20.33, 0
20.34, 0
20.35, 0
20.36, 0
20.37, 0
20.38, 0
20.39, 0
20.40, 0
20.41, 0
20.42, 0
20.43, 0
20.44, 0
20.45, 0
20.46, 0
20.47, 0
