0.00, 0
0.01, 0
0.02, 0
0.03, 0
0.04, 0
0.05, 0
0.06, 0
0.07, 37
0.08, 9
0.09, 6
0.10, 4
0.11, 7
0.12, 10
0.13, 8
0.14, 6
0.15, 14
0.16, 23
0.17, 7
0.18, 13
0.19, 10
0.20, 15
0.21, 16
0.22, 23
0.23, 42
0.24, 77
0.25, 176
0.26, 195
0.27, 289
0.28, 272
0.29, 279
0.30, 185
0.31, 131
0.32, 67
0.33, 29
0.34, 13
0.35, 9
0.36, 14
0.37, 17
0.38, 24
0.39, 26
0.40, 23
0.41, 24
0.42, 25
0.43, 21
0.44, 36
0.45, 36
0.46, 45
0.47, 69
0.48, 144
0.49, 289
0.50, 470
0.51, 716
0.52, 892
0.53, 972
0.54, 906
0.55, 703
0.56, 439
0.57, 261
0.58, 120
0.59, 52
0.60, 26
0.61, 21
0.62, 10
0.63, 10
0.64, 18
0.65, 13
0.66, 15
0.67, 19
0.68, 18
0.69, 21
0.70, 26
0.71, 25
0.72, 26
0.73, 25
0.74, 23
0.75, 10
0.76, 19
0.77, 18
0.78, 25
0.79, 20
0.80, 20
0.81, 17
0.82, 26
0.83, 20
0.84, 17
0.85, 11
0.86, 21
0.87, 17
0.88, 22
0.89, 28
0.90, 29
0.91, 16
0.92, 34
0.93, 25
0.94, 18
0.95, 25
0.96, 30
0.97, 22
0.98, 19
0.99, 41
1.00, 41
1.01, 48
1.02, 73
1.03, 96
1.04, 115
1.05, 101
1.06, 127
1.07, 97
1.08, 100
1.09, 58
1.10, 54
1.11, 40
1.12, 27
1.13, 37
1.14, 30
1.15, 29
1.16, 28
1.17, 24
1.18, 30
1.19, 26
1.20, 38
1.21, 25
1.22, 31
1.23, 35
1.24, 42
1.25, 45
1.26, 60
1.27, 65
1.28, 71
1.29, 81
1.30, 75
1.31, 85
1.32, 79
1.33, 72
1.34, 54
1.35, 46
1.36, 42
1.37, 38
1.38, 34
1.39, 28
1.40, 29
1.41, 41
1.42, 58
1.43, 74
1.44, 150
1.45, 211
1.46, 351
1.47, 475
1.48, 566
1.49, 607
1.50, 655
1.51, 614
1.52, 482
1.53, 407
1.54, 270
1.55, 171
1.56, 107
1.57, 71
1.58, 72
1.59, 35
1.60, 35
1.61, 29
1.62, 28
1.63, 24
1.64, 22
1.65, 15
1.66, 26
1.67, 44
1.68, 47
1.69, 82
1.70, 136
1.71, 181
1.72, 265
1.73, 305
1.74, 350
1.75, 334
1.76, 398
1.77, 295
1.78, 278
1.79, 180
1.80, 140
1.81, 81
1.82, 80
1.83, 51
1.84, 37
1.85, 45
1.86, 27
1.87, 23
1.88, 25
1.89, 21
1.90, 19
1.91, 18
1.92, 10
1.93, 16
1.94, 16
1.95, 14
1.96, 14
1.97, 18
1.98, 17
1.99, 19
2.00, 20
2.01, 23
2.02, 15
2.03, 16
2.04, 20
2.05, 15
2.06, 12
2.07, 17
2.08, 16
2.09, 9
2.10, 19
2.11, 13
2.12, 16
2.13, 17
2.14, 11
2.15, 14
2.16, 16
2.17, 14
2.18, 13
2.19, 14
2.20, 12
2.21, 16
2.22, 16
2.23, 23
2.24, 25
2.25, 29
2.26, 45
2.27, 43
2.28, 66
2.29, 96
2.30, 110
2.31, 111
2.32, 133
2.33, 130
2.34, 125
2.35, 87
2.36, 68
2.37, 65
2.38, 42
2.39, 40
2.40, 18
2.41, 16
2.42, 20
2.43, 23
2.44, 16
2.45, 17
2.46, 28
2.47, 22
2.48, 22
2.49, 16
2.50, 20
2.51, 18
2.52, 17
2.53, 21
2.54, 12
2.55, 8
2.56, 14
2.57, 16
2.58, 13
2.59, 21
2.60, 11
2.61, 11
2.62, 14
2.63, 19
2.64, 13
2.65, 9
2.66, 11
2.67, 19
2.68, 13
2.69, 11
2.70, 11
2.71, 11
2.72, 14
2.73, 13
2.74, 14
2.75, 13
2.76, 21
2.77, 13
2.78, 12
2.79, 7
2.80, 9
2.81, 16
2.82, 8
2.83, 10
2.84, 9
2.85, 11
2.86, 13
2.87, 12
2.88, 8
2.89, 15
2.90, 6
2.91, 12
2.92, 10
2.93, 9
2.94, 12
2.95, 15
2.96, 17
2.97, 16
2.98, 12
2.99, 8
3.00, 16
3.01, 15
3.02, 6
3.03, 12
3.04, 7
3.05, 13
3.06, 11
3.07, 8
3.08, 11
3.09, 10
3.10, 13
3.11, 11
3.12, 9
3.13, 7
3.14, 12
3.15, 12
3.16, 6
3.17, 12
3.18, 10
3.19, 5
3.20, 9
3.21, 11
3.22, 11
3.23, 15
3.24, 13
3.25, 15
3.26, 17
3.27, 15
3.28, 15
3.29, 12
3.30, 14
3.31, 21
3.32, 27
3.33, 25
3.34, 18
3.35, 25
3.36, 25
3.37, 15
3.38, 15
3.39, 12
3.40, 12
3.41, 5
3.42, 13
3.43, 7
3.44, 12
3.45, 3
3.46, 13
3.47, 6
3.48, 13
3.49, 9
3.50, 9
3.51, 12
3.52, 7
3.53, 11
3.54, 11
3.55, 12
3.56, 9
3.57, 12
3.58, 8
3.59, 12
3.60, 17
3.61, 9
3.62, 19
3.63, 15
3.64, 12
3.65, 24
3.66, 28
3.67, 35
3.68, 29
3.69, 29
3.70, 30
3.71, 34
3.72, 30
3.73, 24
3.74, 26
3.75, 18
3.76, 17
3.77, 21
3.78, 14
3.79, 12
3.80, 14
3.81, 11
3.82, 5
3.83, 10
3.84, 4
3.85, 10
3.86, 7
3.87, 4
3.88, 7
3.89, 8
3.90, 6
3.91, 7
3.92, 7
3.93, 7
3.94, 3
3.95, 7
3.96, 8
3.97, 9
3.98, 9
3.99, 11
4.00, 7
4.01, 11
4.02, 8
4.03, 7
4.04, 16
4.05, 7
4.06, 9
4.07, 13
4.08, 12
4.09, 5
4.10, 10
4.11, 7
4.12, 5
4.13, 13
4.14, 9
4.15, 7
4.16, 11
4.17, 4
4.18, 9
4.19, 3
4.20, 7
4.21, 10
4.22, 3
4.23, 7
4.24, 8
4.25, 5
4.26, 11
4.27, 12
4.28, 8
4.29, 9
4.30, 4
4.31, 4
4.32, 4
4.33, 13
4.34, 9
4.35, 13
4.36, 4
4.37, 5
4.38, 3
4.39, 4
4.40, 9
4.41, 8
4.42, 6
4.43, 6
4.44, 8
4.45, 7
4.46, 8
4.47, 9
4.48, 11
4.49, 7
4.50, 17
4.51, 8
4.52, 17
4.53, 6
4.54, 7
4.55, 7
4.56, 12
4.57, 7
4.58, 4
4.59, 12
4.60, 3
4.61, 6
4.62, 8
4.63, 5
4.64, 7
4.65, 6
4.66, 7
4.67, 10
4.68, 5
4.69, 7
4.70, 10
4.71, 3
4.72, 4
4.73, 10
4.74, 9
4.75, 1
4.76, 5
4.77, 8
4.78, 7
4.79, 11
4.80, 10
4.81, 4
4.82, 7
4.83, 7
4.84, 5
4.85, 8
4.86, 9
4.87, 7
4.88, 7
4.89, 8
4.90, 3
4.91, 2
4.92, 5
4.93, 7
4.94, 8
4.95, 4
4.96, 3
4.97, 7
4.98, 8
4.99, 9
5.00, 4
5.01, 6
5.02, 6
5.03, 4
5.04, 6
5.05, 7
5.06, 5
5.07, 5
5.08, 6
5.09, 4
5.10, 4
5.11, 7
5.12, 5
5.13, 6
5.14, 4
5.15, 10
5.16, 8
5.17, 3
5.18, 3
5.19, 7
5.20, 4
5.21, 4
5.22, 1
5.23, 6
5.24, 4
5.25, 3
5.26, 9
5.27, 7
5.28, 6
5.29, 6
5.30, 8
5.31, 4
5.32, 2
5.33, 1
5.34, 4
5.35, 7
5.36, 7
5.37, 1
5.38, 8
5.39, 4
5.40, 6
5.41, 5
5.42, 3
5.43, 6
5.44, 6
5.45, 1
5.46, 3
5.47, 6
5.48, 6
5.49, 5
5.50, 2
5.51, 4
5.52, 6
5.53, 1
5.54, 5
5.55, 6
5.56, 5
5.57, 7
5.58, 9
5.59, 2
5.60, 10
5.61, 6
5.62, 4
5.63, 5
5.64, 5
5.65, 3
5.66, 8
5.67, 4
5.68, 4
5.69, 7
5.70, 4
5.71, 4
5.72, 2
5.73, 2
5.74, 3
5.75, 5
5.76, 2
5.77, 6
5.78, 4
5.79, 2
5.80, 5
5.81, 4
5.82, 7
5.83, 6
5.84, 4
5.85, 4
5.86, 2
5.87, 2
5.88, 3
5.89, 7
5.90, 2
5.91, 3
5.92, 1
5.93, 4
5.94, 4
5.95, 5
5.96, 11
5.97, 4
5.98, 4
5.99, 3
6.00, 3
6.01, 2
6.02, 8
6.03, 6
6.04, 4
6.05, 4
6.06, 7
6.07, 4
6.08, 4
6.09, 3
6.10, 7
6.11, 4
6.12, 6
6.13, 2
6.14, 3
6.15, 6
6.16, 5
6.17, 4
6.18, 5
6.19, 2
6.20, 5
6.21, 5
6.22, 2
6.23, 3
6.24, 4
6.25, 1
6.26, 3
6.27, 4
6.28, 4
6.29, 4
6.30, 4
6.31, 6
6.32, 8
6.33, 7
6.34, 1
6.35, 4
6.36, 9
6.37, 4
6.38, 7
6.39, 8
6.40, 8
6.41, 8
6.42, 5
6.43, 5
6.44, 1
6.45, 4
6.46, 5
6.47, 3
6.48, 6
6.49, 0
6.50, 3
6.51, 3
6.52, 6
6.53, 4
6.54, 2
6.55, 7
6.56, 1
6.57, 3
6.58, 2
6.59, 4
6.60, 3
6.61, 3
6.62, 4
6.63, 4
6.64, 3
6.65, 3
6.66, 6
6.67, 1
6.68, 4
6.69, 4
6.70, 0
6.71, 3
6.72, 3
6.73, 0
6.74, 5
6.75, 5
6.76, 5
6.77, 1
6.78, 3
6.79, 3
6.80, 5
6.81, 3
6.82, 3
6.83, 3
6.84, 6
6.85, 2
6.86, 5
6.87, 2
6.88, 5
6.89, 3
6.90, 5
6.91, 3
6.92, 4
6.93, 6
6.94, 0
6.95, 2
6.96, 3
6.97, 5
6.98, 3
6.99, 7
7.00, 0
7.01, 0
7.02, 2
7.03, 4
7.04, 3
7.05, 3
7.06, 4
7.07, 6
7.08, 9
7.09, 5
7.10, 3
7.11, 3
7.12, 6
7.13, 1
7.14, 2
7.15, 3
7.16, 4
7.17, 6
7.18, 1
7.19, 4
7.20, 7
7.21, 1
7.22, 6
7.23, 2
7.24, 2
7.25, 3
7.26, 9
7.27, 3
7.28, 3
7.29, 4
7.30, 4
7.31, 1
7.32, 4
7.33, 4
7.34, 3
7.35, 1
7.36, 3
7.37, 3
7.38, 3
7.39, 1
7.40, 4
7.41, 2
7.42, 3
7.43, 2
7.44, 2
7.45, 2
7.46, 6
7.47, 3
7.48, 4
7.49, 2
7.50, 2
7.51, 3
7.52, 3
7.53, 2
7.54, 1
7.55, 3
7.56, 4
7.57, 2
7.58, 2
7.59, 2
7.60, 5
7.61, 3
7.62, 1
7.63, 5
7.64, 2
7.65, 4
7.66, 4
7.67, 3
7.68, 6
7.69, 2
7.70, 2
7.71, 1
7.72, 2
7.73, 2
7.74, 1
7.75, 1
7.76, 2
7.77, 3
7.78, 2
7.79, 0
7.80, 3
7.81, 2
7.82, 0
7.83, 3
7.84, 1
7.85, 5
7.86, 3
7.87, 5
7.88, 1
7.89, 1
7.90, 3
7.91, 2
7.92, 3
7.93, 5
7.94, 4
7.95, 3
7.96, 1
7.97, 6
7.98, 3
7.99, 2
8.00, 0
8.01, 5
8.02, 5
8.03, 2
8.04, 3
8.05, 4
8.06, 3
8.07, 4
8.08, 2
8.09, 3
8.10, 2
8.11, 1
8.12, 2
8.13, 3
8.14, 4
8.15, 2
8.16, 5
8.17, 2
8.18, 3
8.19, 1
8.20, 3
8.21, 2
8.22, 2
8.23, 3
8.24, 3
8.25, 1
8.26, 6
8.27, 8
8.28, 2
8.29, 2
8.30, 1
8.31, 2
8.32, 1
8.33, 3
8.34, 4
8.35, 1
8.36, 0
8.37, 4
8.38, 2
8.39, 3
8.40, 5
8.41, 0
8.42, 2
8.43, 4
8.44, 4
8.45, 2
8.46, 2
8.47, 2
8.48, 3
8.49, 3
8.50, 5
8.51, 3
8.52, 2
8.53, 1
8.54, 7
8.55, 2
8.56, 6
8.57, 2
8.58, 1
8.59, 1
8.60, 2
8.61, 1
8.62, 2
8.63, 2
8.64, 1
8.65, 2
8.66, 2
8.67, 3
8.68, 1
8.69, 3
8.70, 2
8.71, 3
8.72, 0
8.73, 1
8.74, 3
8.75, 1
8.76, 2
8.77, 3
8.78, 1
8.79, 1
8.80, 4
8.81, 1
8.82, 1
8.83, 2
8.84, 3
8.85, 1
8.86, 1
8.87, 3
8.88, 3
8.89, 0
8.90, 0
8.91, 1
8.92, 1
8.93, 3
8.94, 2
8.95, 4
8.96, 3
8.97, 2
8.98, 1
8.99, 2
9.00, 3
9.01, 4
9.02, 3
9.03, 2
9.04, 1
9.05, 2
9.06, 1
9.07, 0
9.08, 1
9.09, 1
9.10, 2
9.11, 3
9.12, 1
9.13, 2
9.14, 1
9.15, 4
9.16, 1
9.17, 2
9.18, 3
9.19, 4
9.20, 6
9.21, 3
9.22, 3
9.23, 0
9.24, 2
9.25, 3
9.26, 4
9.27, 1
9.28, 2
9.29, 1
9.30, 1
9.31, 1
9.32, 4
9.33, 2
9.34, 4
9.35, 2
9.36, 2
9.37, 0
9.38, 1
9.39, 1
9.40, 2
9.41, 2
9.42, 0
9.43, 2
9.44, 1
9.45, 3
9.46, 0
9.47, 2
9.48, 0
9.49, 2
9.50, 0
9.51, 2
9.52, 1
9.53, 1
9.54, 1
9.55, 2
9.56, 2
9.57, 1
9.58, 0
9.59, 2
9.60, 1
9.61, 1
9.62, 1
9.63, 4
9.64, 2
9.65, 1
9.66, 1
9.67, 3
9.68, 4
9.69, 2
9.70, 2
9.71, 3
9.72, 1
9.73, 2
9.74, 0
9.75, 2
9.76, 0
9.77, 2
9.78, 2
9.79, 2
9.80, 2
9.81, 4
9.82, 1
9.83, 2
9.84, 2
9.85, 3
9.86, 0
9.87, 2
9.88, 1
9.89, 1
9.90, 0
9.91, 3
9.92, 2
9.93, 5
9.94, 0
9.95, 3
9.96, 0
9.97, 1
9.98, 1
9.99, 4
10.00, 7
10.01, 4
10.02, 5
10.03, 1
10.04, 2
10.05, 2
10.06, 0
10.07, 0
10.08, 1
10.09, 0
10.10, 1
10.11, 3
10.12, 1
10.13, 2
10.14, 1
10.15, 0
10.16, 3
10.17, 1
10.18, 1
10.19, 3
10.20, 2
10.21, 3
10.22, 1
10.23, 3
10.24, 1
10.25, 4
10.26, 1
10.27, 0
10.28, 1
10.29, 2
10.30, 3
10.31, 0
10.32, 1
10.33, 0
10.34, 2
10.35, 1
10.36, 2
10.37, 2
10.38, 1
10.39, 0
10.40, 0
10.41, 4
10.42, 1
10.43, 0
10.44, 0
10.45, 1
10.46, 1
10.47, 0
10.48, 0
10.49, 1
10.50, 0
10.51, 1
10.52, 3
10.53, 2
10.54, 2
10.55, 1
10.56, 0
10.57, 1
10.58, 1
10.59, 0
10.60, 2
10.61, 1
10.62, 2
10.63, 2
10.64, 3
10.65, 1
10.66, 1
10.67, 2
10.68, 1
10.69, 2
10.70, 2
10.71, 2
10.72, 2
10.73, 3
10.74, 1
10.75, 1
10.76, 1
10.77, 1
10.78, 1
10.79, 0
10.80, 2
10.81, 0
10.82, 1
10.83, 0
10.84, 0
10.85, 1
10.86, 4
10.87, 2
10.88, 2
10.89, 0
10.90, 0
10.91, 1
10.92, 6
10.93, 0
10.94, 1
10.95, 1
10.96, 0
10.97, 2
10.98, 1
10.99, 0
11.00, 1
11.01, 0
11.02, 4
11.03, 3
11.04, 3
11.05, 0
11.06, 1
11.07, 1
11.08, 2
11.09, 0
11.10, 2
11.11, 2
11.12, 4
11.13, 1
11.14, 1
11.15, 2
11.16, 0
11.17, 2
11.18, 2
11.19, 0
11.20, 1
11.21, 3
11.22, 0
11.23, 2
11.24, 3
11.25, 0
11.26, 2
11.27, 2
11.28, 1
11.29, 1
11.30, 0
11.31, 1
11.32, 0
11.33, 1
11.34, 2
11.35, 3
11.36, 0
11.37, 1
11.38, 1
11.39, 3
11.40, 2
11.41, 2
11.42, 2
11.43, 1
11.44, 0
11.45, 0
11.46, 0
11.47, 1
11.48, 1
11.49, 0
11.50, 1
11.51, 1
11.52, 0
11.53, 3
11.54, 1
11.55, 3
11.56, 0
11.57, 2
11.58, 1
11.59, 2
11.60, 3
11.61, 6
11.62, 1
11.63, 1
11.64, 1
11.65, 3
11.66, 2
11.67, 1
11.68, 0
11.69, 4
11.70, 4
11.71, 0
11.72, 1
11.73, 1
11.74, 0
11.75, 2
11.76, 1
11.77, 3
11.78, 1
11.79, 1
11.80, 3
11.81, 1
11.82, 2
11.83, 1
11.84, 0
11.85, 1
11.86, 2
11.87, 2
11.88, 0
11.89, 2
11.90, 1
11.91, 4
11.92, 2
11.93, 0
11.94, 2
11.95, 1
11.96, 0
11.97, 1
11.98, 0
11.99, 1
12.00, 0
12.01, 1
12.02, 0
12.03, 3
12.04, 0
12.05, 2
12.06, 1
12.07, 2
12.08, 1
12.09, 0
12.10, 1
12.11, 0
12.12, 0
12.13, 0
12.14, 3
12.15, 0
12.16, 0
12.17, 0
12.18, 0
12.19, 2
12.20, 1
12.21, 4
12.22, 0
12.23, 1
12.24, 2
12.25, 2
12.26, 2
12.27, 0
12.28, 1
12.29, 0
12.30, 2
12.31, 0
12.32, 1
12.33, 3
12.34, 1
12.35, 0
12.36, 0
12.37, 1
12.38, 1
12.39, 1
12.40, 1
12.41, 1
12.42, 0
12.43, 2
12.44, 0
12.45, 1
12.46, 2
12.47, 1
12.48, 3
12.49, 1
12.50, 1
12.51, 0
12.52, 1
12.53, 2
12.54, 2
12.55, 0
12.56, 0
12.57, 3
12.58, 1
12.59, 0
12.60, 2
12.61, 0
12.62, 0
12.63, 0
12.64, 1
12.65, 1
12.66, 1
12.67, 0
12.68, 1
12.69, 0
12.70, 0
12.71, 0
12.72, 1
12.73, 1
12.74, 0
12.75, 0
12.76, 3
12.77, 0
12.78, 2
12.79, 2
12.80, 2
12.81, 3
12.82, 0
12.83, 1
12.84, 3
12.85, 1
12.86, 1
12.87, 1
12.88, 0
12.89, 0
12.90, 1
12.91, 2
12.92, 0
12.93, 1
12.94, 4
12.95, 2
12.96, 1
12.97, 3
12.98, 2
12.99, 1
13.00, 0
13.01, 1
13.02, 1
13.03, 0
13.04, 0
13.05, 1
13.06, 1
13.07, 2
13.08, 0
13.09, 2
13.10, 2
13.11, 1
13.12, 3
13.13, 1
13.14, 1
13.15, 2
13.16, 1
13.17, 3
13.18, 1
13.19, 0
13.20, 0
13.21, 2
13.22, 2
13.23, 1
13.24, 0
13.25, 1
13.26, 0
13.27, 1
13.28, 0
13.29, 0
13.30, 1
13.31, 0
13.32, 1
13.33, 1
13.34, 0
13.35, 2
13.36, 3
13.37, 0
13.38, 0
13.39, 3
13.40, 3
13.41, 2
13.42, 0
13.43, 3
13.44, 1
13.45, 2
13.46, 2
13.47, 0
13.48, 3
13.49, 0
13.50, 0
13.51, 0
13.52, 1
13.53, 0
13.54, 0
13.55, 2
13.56, 1
13.57, 1
13.58, 0
13.59, 1
13.60, 2
13.61, 4
13.62, 2
13.63, 3
13.64, 2
13.65, 2
13.66, 2
13.67, 2
13.68, 2
13.69, 0
13.70, 1
13.71, 1
13.72, 0
13.73, 1
13.74, 2
13.75, 2
13.76, 2
13.77, 0
13.78, 1
13.79, 2
13.80, 1
13.81, 0
13.82, 3
13.83, 0
13.84, 4
13.85, 3
13.86, 0
13.87, 1
13.88, 1
13.89, 0
13.90, 1
13.91, 0
13.92, 1
13.93, 1
13.94, 1
13.95, 2
13.96, 0
13.97, 0
13.98, 0
13.99, 1
14.00, 1
14.01, 0
14.02, 1
14.03, 2
14.04, 1
14.05, 0
14.06, 1
14.07, 2
14.08, 0
14.09, 1
14.10, 1
14.11, 1
14.12, 1
14.13, 0
14.14, 1
14.15, 0
14.16, 2
14.17, 1
14.18, 1
14.19, 2
14.20, 0
14.21, 2
14.22, 0
14.23, 0
14.24, 3
14.25, 0
14.26, 4
14.27, 0
14.28, 1
14.29, 0
14.30, 0
14.31, 0
14.32, 0
14.33, 0
14.34, 2
14.35, 1
14.36, 0
14.37, 3
14.38, 0
14.39, 0
14.40, 0
14.41, 0
14.42, 4
14.43, 1
14.44, 1
14.45, 1
14.46, 1
14.47, 0
14.48, 3
14.49, 0
14.50, 0
14.51, 2
14.52, 2
14.53, 1
14.54, 0
14.55, 0
14.56, 0
14.57, 1
14.58, 2
14.59, 1
14.60, 0
14.61, 1
14.62, 0
14.63, 1
14.64, 0
14.65, 0
14.66, 0
14.67, 1
14.68, 2
14.69, 1
14.70, 2
14.71, 0
14.72, 1
14.73, 1
14.74, 2
14.75, 1
14.76, 2
14.77, 2
14.78, 1
14.79, 1
14.80, 1
14.81, 0
14.82, 2
14.83, 2
14.84, 1
14.85, 0
14.86, 1
14.87, 1
14.88, 1
14.89, 0
14.90, 1
14.91, 0
14.92, 2
14.93, 1
14.94, 0
14.95, 1
14.96, 0
14.97, 0
14.98, 0
14.99, 1
15.00, 2
15.01, 1
15.02, 0
15.03, 1
15.04, 2
15.05, 1
15.06, 0
15.07, 0
15.08, 0
15.09, 2
15.10, 2
15.11, 1
15.12, 0
15.13, 1
15.14, 1
15.15, 1
15.16, 0
15.17, 0
15.18, 1
15.19, 0
15.20, 2
15.21, 0
15.22, 1
15.23, 2
15.24, 0
15.25, 0
15.26, 0
15.27, 0
15.28, 2
15.29, 0
15.30, 1
15.31, 0
15.32, 2
15.33, 2
15.34, 1
15.35, 0
15.36, 1
15.37, 1
15.38, 0
15.39, 2
15.40, 0
15.41, 2
15.42, 2
15.43, 0
15.44, 0
15.45, 1
15.46, 1
15.47, 1
15.48, 0
15.49, 0
15.50, 1
15.51, 0
15.52, 1
15.53, 0
15.54, 0
15.55, 1
15.56, 1
15.57, 0
15.58, 0
15.59, 0
15.60, 0
15.61, 1
15.62, 1
15.63, 0
15.64, 2
15.65, 1
15.66, 0
15.67, 1
15.68, 0
15.69, 1
15.70, 1
15.71, 1
15.72, 1
15.73, 0
15.74, 0
15.75, 1
15.76, 2
15.77, 1
15.78, 0
15.79, 0
15.80, 0
15.81, 1
15.82, 3
15.83, 3
15.84, 1
15.85, 0
15.86, 1
15.87, 0
15.88, 1
15.89, 0
15.90, 0
15.91, 0
15.92, 0
15.93, 1
15.94, 1
15.95, 1
15.96, 0
15.97, 0
15.98, 2
15.99, 0
16.00, 2
16.01, 0
16.02, 1
16.03, 1
16.04, 2
16.05, 1
16.06, 2
16.07, 0
16.08, 1
16.09, 0
16.10, 0
16.11, 1
16.12, 1
16.13, 0
16.14, 0
16.15, 0
16.16, 2
16.17, 1
16.18, 3
16.19, 3
16.20, 2
16.21, 0
16.22, 0
16.23, 0
16.24, 0
16.25, 1
16.26, 1
16.27, 0
16.28, 2
16.29, 1
16.30, 0
16.31, 1
16.32, 3
16.33, 2
16.34, 0
16.35, 0
16.36, 1
16.37, 1
16.38, 0
16.39, 1
16.40, 1
16.41, 0
16.42, 2
16.43, 0
16.44, 0
16.45, 0
16.46, 0
16.47, 1
16.48, 0
16.49, 1
16.50, 0
16.51, 1
16.52, 0
16.53, 0
16.54, 1
16.55, 0
16.56, 0
16.57, 0
16.58, 1
16.59, 0
16.60, 1
16.61, 1
16.62, 1
16.63, 3
16.64, 1
16.65, 0
16.66, 0
16.67, 1
16.68, 0
16.69, 0
16.70, 1
16.71, 0
16.72, 1
16.73, 0
16.74, 0
16.75, 0
16.76, 0
16.77, 0
16.78, 2
16.79, 0
16.80, 2
16.81, 0
16.82, 0
16.83, 0
16.84, 0
16.85, 0
16.86, 1
16.87, 0
16.88, 0
16.89, 0
16.90, 0
16.91, 1
16.92, 1
16.93, 0
16.94, 0
16.95, 0
16.96, 0
16.97, 2
16.98, 0
16.99, 1
17.00, 0
17.01, 1
17.02, 0
17.03, 1
17.04, 0
17.05, 0
17.06, 2
17.07, 2
17.08, 0
17.09, 0
17.10, 0
17.11, 0
17.12, 0
17.13, 1
17.14, 3
17.15, 0
17.16, 1
17.17, 0
17.18, 1
17.19, 0
17.20, 0
17.21, 0
17.22, 1
17.23, 0
17.24, 0
17.25, 1
17.26, 0
17.27, 0
17.28, 0
17.29, 0
17.30, 1
17.31, 0
17.32, 2
17.33, 0
17.34, 3
17.35, 0
17.36, 0
17.37, 0
17.38, 2
17.39, 0
17.40, 1
17.41, 0
17.42, 0
17.43, 0
17.44, 0
17.45, 3
17.46, 0
17.47, 0
17.48, 0
17.49, 0
17.50, 0
17.51, 0
17.52, 1
17.53, 0
17.54, 0
17.55, 0
17.56, 0
17.57, 0
17.58, 0
17.59, 0
17.60, 0
17.61, 0
17.62, 1
17.63, 0
17.64, 0
17.65, 1
17.66, 0
17.67, 0
17.68, 0
17.69, 0
17.70, 1
17.71, 0
17.72, 1
17.73, 1
17.74, 0
17.75, 0
17.76, 0
17.77, 0
17.78, 0
17.79, 1
17.80, 0
17.81, 0
17.82, 1
17.83, 0
17.84, 0
17.85, 0
17.86, 1
17.87, 0
17.88, 0
17.89, 0
17.90, 0
17.91, 1
17.92, 0
17.93, 0
17.94, 0
17.95, 0
17.96, 0
17.97, 0
17.98, 0
17.99, 1
18.00, 0
18.01, 0
18.02, 0
18.03, 0
18.04, 0
18.05, 0
18.06, 0
18.07, 0
18.08, 0
18.09, 0
18.10, 0
18.11, 0
18.12, 1
18.13, 0
18.14, 0
18.15, 0
18.16, 0
18.17, 0
18.18, 0
18.19, 1
18.20, 0
18.21, 2
18.22, 0
18.23, 0
18.24, 0
18.25, 0
18.26, 2
18.27, 0
18.28, 0
18.29, 1
18.30, 0
18.31, 0
18.32, 0
18.33, 0
18.34, 0
18.35, 0
18.36, 0
18.37, 0
18.38, 0
18.39, 0
18.40, 1
18.41, 0
18.42, 0
18.43, 0
18.44, 0
18.45, 0
18.46, 1
18.47, 0
18.48, 0
18.49, 0
18.50, 0
18.51, 0
18.52, 0
18.53, 0
18.54, 0
18.55, 0
18.56, 0
18.57, 0
18.58, 0
18.59, 0
18.60, 1
18.61, 0
18.62, 0
18.63, 0
18.64, 0
18.65, 0
18.66, 0
18.67, 0
18.68, 0
18.69, 0
18.70, 0
18.71, 0
18.72, 0
18.73, 0
18.74, 0
18.75, 0
18.76, 0
18.77, 0
18.78, 0
18.79, 0
18.80, 0
18.81, 0
18.82, 0
18.83, 0
18.84, 0
18.85, 0
18.86, 0
18.87, 0
18.88, 0
18.89, 0
18.90, 0
18.91, 0
18.92, 0
18.93, 0
18.94, 0
18.95, 0
18.96, 0
18.97, 0
18.98, 0
18.99, 0
19.00, 0
19.01, 0
19.02, 0
19.03, 0
19.04, 0
19.05, 0
19.06, 0
19.07, 0
19.08, 0
19.09, 0
19.10, 0
19.11, 0
19.12, 0
19.13, 0
19.14, 0
19.15, 0
19.16, 0
19.17, 0
19.18, 0
19.19, 0
19.20, 0
19.21, 0
19.22, 0
19.23, 0
19.24, 0
19.25, 0
19.26, 0
19.27, 0
19.28, 0
19.29, 0
19.30, 0
19.31, 0
19.32, 0
19.33, 0
19.34, 0
19.35, 0
19.36, 0
19.37, 0
19.38, 0
19.39, 0
19.40, 0
19.41, 0
19.42, 0
19.43, 0
19.44, 0
19.45, 0
19.46, 0
19.47, 0
19.48, 0
19.49, 0
19.50, 0
19.51, 0
19.52, 0
19.53, 0
19.54, 0
19.55, 0
19.56, 0
19.57, 0
19.58, 0
19.59, 0
19.60, 0
19.61, 0
19.62, 0
19.63, 0
19.64, 0
19.65, 0
19.66, 0
19.67, 0
19.68, 0
19.69, 0
19.70, 0
19.71, 0
19.72, 0
19.73, 0
19.74, 0
19.75, 0
19.76, 0
19.77, 0
19.78, 0
19.79, 0
19.80, 0
19.81, 0
19.82, 0
19.83, 0
19.84, 0
19.85, 0
19.86, 0
19.87, 0
19.88, 0
19.89, 0
19.90, 0
19.91, 0
19.92, 0
19.93, 0
19.94, 0
19.95, 0
19.96, 0
19.97, 0
19.98, 0
19.99, 0
20.00, 0
20.01, 0
20.02, 0
20.03, 0
20.04, 0
20.05, 0
20.06, 0
20.07, 0
20.08, 0
20.09, 0
20.10, 0
20.11, 0
20.12, 0
20.13, 0
20.14, 0
20.15, 0
20.16, 0
20.17, 0
20.18, 0
20.19, 0
20.20, 0
20.21, 0
20.22, 0
20.23, 0
20.24, 0
20.25, 0
20.26, 0
20.27, 0
20.28, 0
20.29, 0
20.30, 0
20.31, 0
20.32, 0
20.33, 0
20.34, 0
20.35, 0
20.36, 0
20.37, 0
20.38, 0
20.39, 0
20.40, 0
20.41, 0
20.42, 0
20.43, 0
20.44, 0
20.45, 0
20.46, 0
20.47, 0
