0.00, 0
0.01, 0
0.02, 0
0.03, 0
0.04, 0
0.05, 0
0.06, 0
0.07, 50
0.08, 11
0.09, 9
0.10, 6
0.11, 7
0.12, 4
0.13, 5
0.14, 9
0.15, 8
0.16, 10
0.17, 7
0.18, 8
0.19, 12
0.20, 11
0.21, 19
0.22, 25
0.23, 61
0.24, 100
0.25, 172
0.26, 237
0.27, 333
0.28, 329
0.29, 316
0.30, 242
0.31, 133
0.32, 65
0.33, 35
0.34, 24
0.35, 10
0.36, 9
0.37, 7
0.38, 11
0.39, 14
0.40, 22
0.41, 13
0.42, 14
0.43, 15
0.44, 12
0.45, 10
0.46, 28
0.47, 30
0.48, 60
0.49, 121
0.50, 207
0.51, 362
0.52, 408
0.53, 486
0.54, 419
0.55, 291
0.56, 211
0.57, 145
0.58, 49
0.59, 31
0.60, 12
0.61, 9
0.62, 5
0.63, 8
0.64, 7
0.65, 10
0.66, 1
0.67, 8
0.68, 10
0.69, 11
0.70, 12
0.71, 6
0.72, 9
0.73, 15
0.74, 8
0.75, 11
0.76, 5
0.77, 11
0.78, 9
0.79, 12
0.80, 10
0.81, 15
0.82, 12
0.83, 14
0.84, 10
0.85, 19
0.86, 14
0.87, 11
0.88, 10
0.89, 15
0.90, 22
0.91, 16
0.92, 17
0.93, 12
0.94, 15
0.95, 22
0.96, 19
0.97, 11
0.98, 10
0.99, 15
1.00, 16
1.01, 18
1.02, 19
1.03, 15
1.04, 12
1.05, 15
1.06, 14
1.07, 20
1.08, 13
1.09, 18
1.10, 19
1.11, 18
1.12, 25
1.13, 15
1.14, 13
1.15, 18
1.16, 15
1.17, 23
1.18, 17
1.19, 28
1.20, 17
1.21, 21
1.22, 19
1.23, 23
1.24, 19
1.25, 22
1.26, 21
1.27, 29
1.28, 21
1.29, 31
1.30, 20
1.31, 33
1.32, 28
1.33, 23
1.34, 23
1.35, 18
1.36, 22
1.37, 19
1.38, 21
1.39, 21
1.40, 26
1.41, 20
1.42, 19
1.43, 24
1.44, 24
1.45, 25
1.46, 24
1.47, 22
1.48, 36
1.49, 21
1.50, 21
1.51, 30
1.52, 29
1.53, 22
1.54, 28
1.55, 26
1.56, 35
1.57, 21
1.58, 18
1.59, 23
1.60, 19
1.61, 23
1.62, 32
1.63, 29
1.64, 32
1.65, 30
1.66, 15
1.67, 17
1.68, 26
1.69, 24
1.70, 32
1.71, 31
1.72, 23
1.73, 30
1.74, 18
1.75, 31
1.76, 29
1.77, 31
1.78, 33
1.79, 25
1.80, 26
1.81, 30
1.82, 29
1.83, 25
1.84, 16
1.85, 34
1.86, 18
1.87, 22
1.88, 25
1.89, 28
1.90, 24
1.91, 39
1.92, 41
1.93, 38
1.94, 37
1.95, 36
1.96, 40
1.97, 38
1.98, 35
1.99, 43
2.00, 41
2.01, 46
2.02, 34
2.03, 33
2.04, 38
2.05, 27
2.06, 22
2.07, 21
2.08, 25
2.09, 21
2.10, 21
2.11, 31
2.12, 27
2.13, 41
2.14, 25
2.15, 22
2.16, 30
2.17, 35
2.18, 27
2.19, 26
2.20, 25
2.21, 29
2.22, 24
2.23, 22
2.24, 28
2.25, 19
2.26, 35
2.27, 35
2.28, 35
2.29, 33
2.30, 28
2.31, 26
2.32, 36
2.33, 28
2.34, 42
2.35, 15
2.36, 23
2.37, 34
2.38, 26
2.39, 18
2.40, 29
2.41, 22
2.42, 26
2.43, 25
2.44, 19
2.45, 18
2.46, 21
2.47, 29
2.48, 26
2.49, 22
2.50, 27
2.51, 23
2.52, 26
2.53, 20
2.54, 22
2.55, 22
2.56, 22
2.57, 17
2.58, 23
2.59, 20
2.60, 24
2.61, 22
2.62, 27
2.63, 26
2.64, 31
2.65, 22
2.66, 25
2.67, 22
2.68, 24
2.69, 27
2.70, 28
2.71, 22
2.72, 21
2.73, 26
2.74, 15
2.75, 24
2.76, 18
2.77, 27
2.78, 20
2.79, 20
2.80, 13
2.81, 19
2.82, 16
2.83, 20
2.84, 29
2.85, 11
2.86, 16
2.87, 22
2.88, 21
2.89, 22
2.90, 21
2.91, 20
2.92, 17
2.93, 20
2.94, 25
2.95, 23
2.96, 19
2.97, 15
2.98, 17
2.99, 21
3.00, 19
3.01, 15
3.02, 20
3.03, 25
3.04, 29
3.05, 18
3.06, 27
3.07, 19
3.08, 17
3.09, 24
3.10, 23
3.11, 18
3.12, 14
3.13, 16
3.14, 20
3.15, 27
3.16, 15
3.17, 21
3.18, 12
3.19, 25
3.20, 18
3.21, 20
3.22, 23
3.23, 15
3.24, 18
3.25, 18
3.26, 13
3.27, 25
3.28, 15
3.29, 20
3.30, 14
3.31, 22
3.32, 16
3.33, 16
3.34, 13
3.35, 25
3.36, 20
3.37, 18
3.38, 13
3.39, 18
3.40, 10
3.41, 23
3.42, 18
3.43, 27
3.44, 30
3.45, 22
3.46, 15
3.47, 13
3.48, 20
3.49, 23
3.50, 19
3.51, 20
3.52, 12
3.53, 12
3.54, 22
3.55, 26
3.56, 22
3.57, 39
3.58, 51
3.59, 70
3.60, 107
3.61, 137
3.62, 243
3.63, 328
3.64, 430
3.65, 615
3.66, 770
3.67, 894
3.68, 1050
3.69, 1139
3.70, 1306
3.71, 1202
3.72, 1077
3.73, 991
3.74, 835
3.75, 672
3.76, 527
3.77, 406
3.78, 291
3.79, 183
3.80, 131
3.81, 82
3.82, 48
3.83, 40
3.84, 22
3.85, 30
3.86, 22
3.87, 29
3.88, 28
3.89, 25
3.90, 25
3.91, 22
3.92, 25
3.93, 39
3.94, 36
3.95, 58
3.96, 77
3.97, 76
3.98, 105
3.99, 99
4.00, 129
4.01, 137
4.02, 148
4.03, 152
4.04, 155
4.05, 149
4.06, 115
4.07, 110
4.08, 86
4.09, 66
4.10, 62
4.11, 33
4.12, 33
4.13, 22
4.14, 19
4.15, 12
4.16, 10
4.17, 9
4.18, 14
4.19, 11
4.20, 8
4.21, 12
4.22, 10
4.23, 11
4.24, 12
4.25, 10
4.26, 8
4.27, 11
4.28, 17
4.29, 10
4.30, 7
4.31, 10
4.32, 10
4.33, 12
4.34, 16
4.35, 10
4.36, 11
4.37, 10
4.38, 7
4.39, 9
4.40, 10
4.41, 11
4.42, 9
4.43, 8
4.44, 17
4.45, 15
4.46, 8
4.47, 21
4.48, 9
4.49, 11
4.50, 9
4.51, 12
4.52, 10
4.53, 11
4.54, 10
4.55, 9
4.56, 9
4.57, 8
4.58, 9
4.59, 13
4.60, 14
4.61, 8
4.62, 5
4.63, 13
4.64, 13
4.65, 9
4.66, 12
4.67, 12
4.68, 9
4.69, 8
4.70, 9
4.71, 10
4.72, 11
4.73, 4
4.74, 9
4.75, 5
4.76, 11
4.77, 7
4.78, 12
4.79, 11
4.80, 12
4.81, 4
4.82, 13
4.83, 5
4.84, 5
4.85, 8
4.86, 10
4.87, 3
4.88, 8
4.89, 11
4.90, 14
4.91, 11
4.92, 9
4.93, 11
4.94, 10
4.95, 7
4.96, 13
4.97, 13
4.98, 9
4.99, 6
5.00, 9
5.01, 11
5.02, 11
5.03, 10
5.04, 11
5.05, 6
5.06, 9
5.07, 11
5.08, 6
5.09, 8
5.10, 4
5.11, 10
5.12, 11
5.13, 9
5.14, 8
5.15, 11
5.16, 6
5.17, 7
5.18, 12
5.19, 14
5.20, 10
5.21, 8
5.22, 13
5.23, 3
5.24, 8
5.25, 7
5.26, 6
5.27, 5
5.28, 5
5.29, 14
5.30, 8
5.31, 9
5.32, 12
5.33, 8
5.34, 12
5.35, 8
5.36, 13
5.37, 9
5.38, 8
5.39, 10
5.40, 6
5.41, 11
5.42, 5
5.43, 7
5.44, 11
5.45, 8
5.46, 12
5.47, 12
5.48, 9
5.49, 8
5.50, 8
5.51, 4
5.52, 10
5.53, 10
5.54, 6
5.55, 5
5.56, 7
5.57, 7
5.58, 8
5.59, 6
5.60, 7
5.61, 11
5.62, 4
5.63, 11
5.64, 7
5.65, 7
5.66, 7
5.67, 10
5.68, 8
5.69, 10
5.70, 7
5.71, 3
5.72, 10
5.73, 3
5.74, 2
5.75, 6
5.76, 8
5.77, 6
5.78, 6
5.79, 7
5.80, 9
5.81, 6
5.82, 14
5.83, 9
5.84, 10
5.85, 6
5.86, 8
5.87, 10
5.88, 10
5.89, 8
5.90, 4
5.91, 7
5.92, 7
5.93, 6
5.94, 4
5.95, 8
5.96, 5
5.97, 5
5.98, 12
5.99, 10
6.00, 5
6.01, 4
6.02, 5
6.03, 6
6.04, 11
6.05, 13
6.06, 4
6.07, 7
6.08, 11
6.09, 11
6.10, 5
6.11, 5
6.12, 5
6.13, 4
6.14, 8
6.15, 7
6.16, 7
6.17, 4
6.18, 8
6.19, 9
6.20, 7
6.21, 10
6.22, 8
6.23, 6
6.24, 12
6.25, 5
6.26, 12
6.27, 2
6.28, 7
6.29, 8
6.30, 11
6.31, 10
6.32, 6
6.33, 1
6.34, 5
6.35, 4
6.36, 6
6.37, 7
6.38, 7
6.39, 6
6.40, 8
6.41, 6
6.42, 8
6.43, 7
6.44, 5
6.45, 8
6.46, 4
6.47, 5
6.48, 10
6.49, 8
6.50, 10
6.51, 6
6.52, 7
6.53, 6
6.54, 10
6.55, 8
6.56, 6
6.57, 6
6.58, 7
6.59, 6
6.60, 5
6.61, 5
6.62, 4
6.63, 3
6.64, 4
6.65, 1
6.66, 2
6.67, 4
6.68, 0
6.69, 8
6.70, 5
6.71, 5
6.72, 3
6.73, 3
6.74, 5
6.75, 5
6.76, 7
6.77, 2
6.78, 8
6.79, 6
6.80, 5
6.81, 5
6.82, 9
6.83, 9
6.84, 5
6.85, 7
6.86, 6
6.87, 8
6.88, 3
6.89, 3
6.90, 1
6.91, 9
6.92, 1
6.93, 7
6.94, 3
6.95, 4
6.96, 4
6.97, 4
6.98, 7
6.99, 7
7.00, 4
7.01, 10
7.02, 3
7.03, 4
7.04, 5
7.05, 4
7.06, 4
7.07, 3
7.08, 4
7.09, 10
7.10, 7
7.11, 6
7.12, 6
7.13, 11
7.14, 8
7.15, 6
7.16, 2
7.17, 6
7.18, 4
7.19, 9
7.20, 4
7.21, 2
7.22, 7
7.23, 3
7.24, 6
7.25, 4
7.26, 3
7.27, 6
7.28, 5
7.29, 9
7.30, 10
7.31, 4
7.32, 7
7.33, 5
7.34, 8
7.35, 2
7.36, 4
7.37, 6
7.38, 3
7.39, 4
7.40, 3
7.41, 6
7.42, 6
7.43, 5
7.44, 4
7.45, 4
7.46, 8
7.47, 5
7.48, 6
7.49, 12
7.50, 6
7.51, 3
7.52, 2
7.53, 5
7.54, 3
7.55, 5
7.56, 4
7.57, 7
7.58, 3
7.59, 4
7.60, 6
7.61, 7
7.62, 5
7.63, 5
7.64, 5
7.65, 2
7.66, 7
7.67, 7
7.68, 8
7.69, 7
7.70, 6
7.71, 4
7.72, 6
7.73, 10
7.74, 6
7.75, 7
7.76, 4
7.77, 4
7.78, 6
7.79, 2
7.80, 5
7.81, 2
7.82, 3
7.83, 3
7.84, 5
7.85, 4
7.86, 6
7.87, 3
7.88, 3
7.89, 10
7.90, 5
7.91, 5
7.92, 6
7.93, 6
7.94, 3
7.95, 3
7.96, 4
7.97, 3
7.98, 5
7.99, 7
8.00, 2
8.01, 6
8.02, 3
8.03, 3
8.04, 6
8.05, 3
8.06, 4
8.07, 4
8.08, 6
8.09, 4
8.10, 3
8.11, 7
8.12, 7
8.13, 6
8.14, 3
8.15, 3
8.16, 2
8.17, 4
8.18, 3
8.19, 3
8.20, 3
8.21, 6
8.22, 4
8.23, 5
8.24, 5
8.25, 1
8.26, 5
8.27, 8
8.28, 4
8.29, 2
8.30, 5
8.31, 3
8.32, 6
8.33, 10
8.34, 3
8.35, 3
8.36, 2
8.37, 3
8.38, 3
8.39, 5
8.40, 0
8.41, 4
8.42, 3
8.43, 7
8.44, 4
8.45, 4
8.46, 6
8.47, 7
8.48, 7
8.49, 4
8.50, 8
8.51, 2
8.52, 1
8.53, 6
8.54, 7
8.55, 4
8.56, 2
8.57, 5
8.58, 1
8.59, 4
8.60, 2
8.61, 3
8.62, 8
8.63, 3
8.64, 4
8.65, 5
8.66, 2
8.67, 3
8.68, 3
8.69, 6
8.70, 8
8.71, 6
8.72, 3
8.73, 3
8.74, 1
8.75, 3
8.76, 0
8.77, 2
8.78, 1
8.79, 2
8.80, 5
8.81, 1
8.82, 7
8.83, 2
8.84, 5
8.85, 2
8.86, 7
8.87, 3
8.88, 6
8.89, 2
8.90, 4
8.91, 2
8.92, 3
8.93, 6
8.94, 3
8.95, 4
8.96, 3
8.97, 4
8.98, 2
8.99, 6
9.00, 5
9.01, 3
9.02, 4
9.03, 3
9.04, 9
9.05, 2
9.06, 1
9.07, 4
9.08, 8
9.09, 4
9.10, 6
9.11, 2
9.12, 1
9.13, 2
9.14, 3
9.15, 3
9.16, 2
9.17, 2
9.18, 3
9.19, 4
9.20, 1
9.21, 0
9.22, 1
9.23, 5
9.24, 3
9.25, 2
9.26, 4
9.27, 4
9.28, 7
9.29, 2
9.30, 2
9.31, 6
9.32, 5
9.33, 4
9.34, 4
9.35, 3
9.36, 5
9.37, 4
9.38, 3
9.39, 2
9.40, 0
9.41, 4
9.42, 3
9.43, 5
9.44, 2
9.45, 2
9.46, 3
9.47, 2
9.48, 4
9.49, 5
9.50, 3
9.51, 3
9.52, 4
9.53, 1
9.54, 0
9.55, 3
9.56, 6
9.57, 0
9.58, 1
9.59, 2
9.60, 0
9.61, 5
9.62, 3
9.63, 5
9.64, 3
9.65, 3
9.66, 4
9.67, 3
9.68, 2
9.69, 0
9.70, 1
9.71, 5
9.72, 3
9.73, 3
9.74, 5
9.75, 6
9.76, 7
9.77, 2
9.78, 2
9.79, 1
9.80, 1
9.81, 6
9.82, 3
9.83, 2
9.84, 2
9.85, 4
9.86, 2
9.87, 3
9.88, 1
9.89, 2
9.90, 3
9.91, 1
9.92, 5
9.93, 4
9.94, 4
9.95, 6
9.96, 3
9.97, 5
9.98, 2
9.99, 0
10.00, 2
10.01, 3
10.02, 2
10.03, 4
10.04, 4
10.05, 0
10.06, 1
10.07, 2
10.08, 0
10.09, 5
10.10, 1
10.11, 4
10.12, 2
10.13, 3
10.14, 1
10.15, 2
10.16, 3
10.17, 2
10.18, 2
10.19, 4
10.20, 3
10.21, 1
10.22, 2
10.23, 2
10.24, 2
10.25, 1
10.26, 2
10.27, 3
10.28, 3
10.29, 3
10.30, 4
10.31, 2
10.32, 1
10.33, 2
10.34, 5
10.35, 4
10.36, 2
10.37, 2
10.38, 0
10.39, 4
10.40, 2
10.41, 3
10.42, 2
10.43, 2
10.44, 6
10.45, 1
10.46, 4
10.47, 1
10.48, 3
10.49, 1
10.50, 2
10.51, 1
10.52, 2
10.53, 3
10.54, 0
10.55, 5
10.56, 1
10.57, 4
10.58, 1
10.59, 6
10.60, 1
10.61, 1
10.62, 5
10.63, 0
10.64, 1
10.65, 5
10.66, 5
10.67, 0
10.68, 4
10.69, 4
10.70, 4
10.71, 6
10.72, 1
10.73, 3
10.74, 2
10.75, 1
10.76, 3
10.77, 4
10.78, 3
10.79, 3
10.80, 2
10.81, 1
10.82, 3
10.83, 3
10.84, 1
10.85, 1
10.86, 3
10.87, 2
10.88, 2
10.89, 2
10.90, 2
10.91, 2
10.92, 3
10.93, 2
10.94, 1
10.95, 4
10.96, 3
10.97, 2
10.98, 4
10.99, 2
11.00, 3
11.01, 5
11.02, 3
11.03, 3
11.04, 6
11.05, 0
11.06, 3
11.07, 2
11.08, 2
11.09, 4
11.10, 1
11.11, 4
11.12, 2
11.13, 2
11.14, 3
11.15, 1
11.16, 1
11.17, 2
11.18, 1
11.19, 3
11.20, 0
11.21, 1
11.22, 5
11.23, 1
11.24, 3
11.25, 0
11.26, 1
11.27, 2
11.28, 1
11.29, 1
11.30, 3
11.31, 2
11.32, 1
11.33, 2
11.34, 1
11.35, 0
11.36, 0
11.37, 2
11.38, 1
11.39, 2
11.40, 2
11.41, 1
11.42, 1
11.43, 1
11.44, 4
11.45, 4
11.46, 4
11.47, 2
11.48, 0
11.49, 1
11.50, 0
11.51, 2
11.52, 3
11.53, 2
11.54, 3
11.55, 3
11.56, 0
11.57, 2
11.58, 1
11.59, 0
11.60, 3
11.61, 2
11.62, 1
11.63, 1
11.64, 0
11.65, 2
11.66, 1
11.67, 3
11.68, 2
11.69, 1
11.70, 2
11.71, 0
11.72, 2
11.73, 3
11.74, 2
11.75, 2
11.76, 2
11.77, 2
11.78, 3
11.79, 1
11.80, 0
11.81, 1
11.82, 2
11.83, 1
11.84, 0
11.85, 5
11.86, 1
11.87, 2
11.88, 3
11.89, 0
11.90, 0
11.91, 3
11.92, 2
11.93, 1
11.94, 1
11.95, 3
11.96, 5
11.97, 1
11.98, 3
11.99, 3
12.00, 5
12.01, 1
12.02, 1
12.03, 2
12.04, 2
12.05, 2
12.06, 1
12.07, 1
12.08, 0
12.09, 1
12.10, 2
12.11, 3
12.12, 4
12.13, 4
12.14, 1
12.15, 0
12.16, 1
12.17, 4
12.18, 1
12.19, 3
12.20, 3
12.21, 1
12.22, 2
12.23, 2
12.24, 3
12.25, 2
12.26, 1
12.27, 1
12.28, 0
12.29, 1
12.30, 2
12.31, 3
12.32, 2
12.33, 2
12.34, 2
12.35, 2
12.36, 1
12.37, 1
12.38, 2
12.39, 3
12.40, 1
12.41, 0
12.42, 4
12.43, 3
12.44, 0
12.45, 0
12.46, 2
12.47, 3
12.48, 3
12.49, 3
12.50, 0
12.51, 1
12.52, 2
12.53, 1
12.54, 3
12.55, 2
12.56, 3
12.57, 2
12.58, 0
12.59, 1
12.60, 0
12.61, 1
12.62, 1
12.63, 3
12.64, 2
12.65, 0
12.66, 0
12.67, 1
12.68, 3
12.69, 0
12.70, 2
12.71, 0
12.72, 0
12.73, 3
12.74, 2
12.75, 1
12.76, 0
12.77, 1
12.78, 5
12.79, 1
12.80, 1
12.81, 1
12.82, 2
12.83, 1
12.84, 3
12.85, 2
12.86, 0
12.87, 5
12.88, 1
12.89, 3
12.90, 2
12.91, 0
12.92, 1
12.93, 2
12.94, 1
12.95, 1
12.96, 0
12.97, 0
12.98, 3
12.99, 2
13.00, 1
13.01, 2
13.02, 1
13.03, 2
13.04, 2
13.05, 2
13.06, 0
13.07, 0
13.08, 1
13.09, 0
13.10, 1
13.11, 3
13.12, 2
13.13, 1
13.14, 0
13.15, 1
13.16, 0
13.17, 0
13.18, 1
13.19, 3
13.20, 1
13.21, 2
13.22, 0
13.23, 2
13.24, 1
13.25, 0
13.26, 0
13.27, 1
13.28, 1
13.29, 2
13.30, 4
13.31, 2
13.32, 2
13.33, 2
13.34, 1
13.35, 1
13.36, 0
13.37, 1
13.38, 4
13.39, 1
13.40, 0
13.41, 3
13.42, 2
13.43, 0
13.44, 0
13.45, 0
13.46, 3
13.47, 2
13.48, 0
13.49, 1
13.50, 0
13.51, 2
13.52, 0
13.53, 1
13.54, 4
13.55, 0
13.56, 1
13.57, 0
13.58, 0
13.59, 0
13.60, 1
13.61, 1
13.62, 0
13.63, 0
13.64, 1
13.65, 2
13.66, 3
13.67, 2
13.68, 2
13.69, 1
13.70, 0
13.71, 4
13.72, 0
13.73, 1
13.74, 2
13.75, 4
13.76, 0
13.77, 0
13.78, 3
13.79, 3
13.80, 0
13.81, 1
13.82, 3
13.83, 1
13.84, 0
13.85, 3
13.86, 2
13.87, 1
13.88, 1
13.89, 0
13.90, 0
13.91, 1
13.92, 1
13.93, 2
13.94, 1
13.95, 2
13.96, 1
13.97, 1
13.98, 0
13.99, 0
14.00, 0
14.01, 2
14.02, 0
14.03, 2
14.04, 1
14.05, 1
14.06, 3
14.07, 3
14.08, 0
14.09, 0
14.10, 2
14.11, 0
14.12, 0
14.13, 0
14.14, 1
14.15, 0
14.16, 1
14.17, 1
14.18, 4
14.19, 1
14.20, 0
14.21, 2
14.22, 0
14.23, 1
14.24, 0
14.25, 2
14.26, 4
14.27, 0
14.28, 1
14.29, 1
14.30, 3
14.31, 2
14.32, 2
14.33, 2
14.34, 1
14.35, 1
14.36, 2
14.37, 2
14.38, 2
14.39, 1
14.40, 2
14.41, 0
14.42, 0
14.43, 3
14.44, 0
14.45, 1
14.46, 0
14.47, 2
14.48, 2
14.49, 2
14.50, 0
14.51, 3
14.52, 2
14.53, 0
14.54, 1
14.55, 0
14.56, 1
14.57, 1
14.58, 1
14.59, 0
14.60, 1
14.61, 1
14.62, 1
14.63, 0
14.64, 0
14.65, 1
14.66, 0
14.67, 1
14.68, 1
14.69, 1
14.70, 1
14.71, 2
14.72, 0
14.73, 0
14.74, 0
14.75, 1
14.76, 0
14.77, 0
14.78, 0
14.79, 1
14.80, 0
14.81, 0
14.82, 3
14.83, 1
14.84, 0
14.85, 0
14.86, 0
14.87, 0
14.88, 2
14.89, 1
14.90, 1
14.91, 1
14.92, 0
14.93, 3
14.94, 0
14.95, 0
14.96, 0
14.97, 0
14.98, 2
14.99, 2
15.00, 2
15.01, 2
15.02, 3
15.03, 2
15.04, 0
15.05, 0
15.06, 0
15.07, 1
15.08, 2
15.09, 0
15.10, 1
15.11, 0
15.12, 0
15.13, 1
15.14, 1
15.15, 1
15.16, 1
15.17, 2
15.18, 0
15.19, 0
15.20, 1
15.21, 1
15.22, 0
15.23, 1
15.24, 0
15.25, 1
15.26, 0
15.27, 1
15.28, 1
15.29, 1
15.30, 1
15.31, 0
15.32, 0
15.33, 0
15.34, 0
15.35, 1
15.36, 0
15.37, 1
15.38, 0
15.39, 1
15.40, 0
15.41, 0
15.42, 2
15.43, 2
15.44, 0
15.45, 0
15.46, 1
15.47, 0
15.48, 2
15.49, 1
15.50, 0
15.51, 0
15.52, 1
15.53, 2
15.54, 1
15.55, 0
15.56, 0
15.57, 2
15.58, 3
15.59, 0
15.60, 0
15.61, 0
15.62, 1
15.63, 0
15.64, 2
15.65, 0
15.66, 0
15.67, 3
15.68, 0
15.69, 0
15.70, 1
15.71, 1
15.72, 1
15.73, 0
15.74, 0
15.75, 1
15.76, 0
15.77, 0
15.78, 0
15.79, 0
15.80, 0
15.81, 1
15.82, 1
15.83, 0
15.84, 0
15.85, 0
15.86, 0
15.87, 1
15.88, 0
15.89, 1
15.90, 0
15.91, 0
15.92, 0
15.93, 0
15.94, 0
15.95, 1
15.96, 0
15.97, 1
15.98, 0
15.99, 0
16.00, 0
16.01, 0
16.02, 2
16.03, 1
16.04, 1
16.05, 0
16.06, 1
16.07, 1
16.08, 0
16.09, 1
16.10, 0
16.11, 1
16.12, 0
16.13, 0
16.14, 0
16.15, 0
16.16, 0
16.17, 0
16.18, 0
16.19, 1
16.20, 2
16.21, 1
16.22, 0
16.23, 0
16.24, 0
16.25, 0
16.26, 0
16.27, 0
16.28, 0
16.29, 3
16.30, 0
16.31, 0
16.32, 1
16.33, 0
16.34, 0
16.35, 1
16.36, 0
16.37, 1
16.38, 0
16.39, 1
16.40, 0
16.41, 0
16.42, 2
16.43, 0
16.44, 1
16.45, 0
16.46, 1
16.47, 0
16.48, 0
16.49, 0
16.50, 1
16.51, 2
16.52, 0
16.53, 0
16.54, 0
16.55, 0
16.56, 1
16.57, 0
16.58, 0
16.59, 2
16.60, 0
16.61, 0
16.62, 1
16.63, 0
16.64, 0
16.65, 0
16.66, 0
16.67, 1
16.68, 1
16.69, 1
16.70, 0
16.71, 0
16.72, 0
16.73, 2
16.74, 1
16.75, 0
16.76, 1
16.77, 0
16.78, 0
16.79, 0
16.80, 0
16.81, 0
16.82, 1
16.83, 0
16.84, 0
16.85, 0
16.86, 0
16.87, 0
16.88, 0
16.89, 0
16.90, 1
16.91, 0
16.92, 1
16.93, 0
16.94, 0
16.95, 1
16.96, 0
16.97, 0
16.98, 0
16.99, 0
17.00, 0
17.01, 1
17.02, 0
17.03, 0
17.04, 1
17.05, 0
17.06, 0
17.07, 0
17.08, 0
17.09, 1
17.10, 0
17.11, 0
17.12, 0
17.13, 3
17.14, 0
17.15, 2
17.16, 0
17.17, 0
17.18, 0
17.19, 0
17.20, 0
17.21, 0
17.22, 0
17.23, 0
17.24, 0
17.25, 0
17.26, 0
17.27, 0
17.28, 0
17.29, 0
17.30, 0
17.31, 0
17.32, 0
17.33, 0
17.34, 0
17.35, 1
17.36, 0
17.37, 1
17.38, 0
17.39, 0
17.40, 0
17.41, 0
17.42, 2
17.43, 0
17.44, 0
17.45, 2
17.46, 0
17.47, 0
17.48, 0
17.49, 0
17.50, 0
17.51, 2
17.52, 0
17.53, 0
17.54, 0
17.55, 1
17.56, 0
17.57, 1
17.58, 0
17.59, 0
17.60, 0
17.61, 0
17.62, 0
17.63, 0
17.64, 0
17.65, 0
17.66, 0
17.67, 0
17.68, 0
17.69, 1
17.70, 0
17.71, 0
17.72, 0
17.73, 1
17.74, 0
17.75, 0
17.76, 0
17.77, 1
17.78, 1
17.79, 0
17.80, 0
17.81, 1
17.82, 0
17.83, 0
17.84, 1
17.85, 0
17.86, 0
17.87, 0
17.88, 0
17.89, 1
17.90, 0
17.91, 0
17.92, 0
17.93, 0
17.94, 0
17.95, 0
17.96, 0
17.97, 1
17.98, 0
17.99, 1
18.00, 0
18.01, 0
18.02, 0
18.03, 0
18.04, 0
18.05, 1
18.06, 0
18.07, 0
18.08, 0
18.09, 0
18.10, 2
18.11, 0
18.12, 0
18.13, 1
18.14, 0
18.15, 0
18.16, 0
18.17, 0
18.18, 0
18.19, 0
18.20, 0
18.21, 0
18.22, 0
18.23, 0
18.24, 0
18.25, 0
18.26, 0
18.27, 0
18.28, 0
18.29, 0
18.30, 0
18.31, 0
18.32, 0
18.33, 0
18.34, 0
18.35, 0
18.36, 0
18.37, 0
18.38, 0
18.39, 0
18.40, 0
18.41, 1
18.42, 0
18.43, 0
18.44, 0
18.45, 0
18.46, 0
18.47, 0
18.48, 0
18.49, 0
18.50, 0
18.51, 0
18.52, 0
18.53, 0
18.54, 0
18.55, 0
18.56, 0
18.57, 0
18.58, 0
18.59, 0
18.60, 0
18.61, 0
18.62, 0
18.63, 0
18.64, 0
18.65, 0
18.66, 0
18.67, 0
18.68, 0
18.69, 0
18.70, 0
18.71, 0
18.72, 0
18.73, 0
18.74, 0
18.75, 0
18.76, 0
18.77, 0
18.78, 0
18.79, 0
18.80, 0
18.81, 0
18.82, 0
18.83, 0
18.84, 0
18.85, 0
18.86, 0
18.87, 0
18.88, 0
18.89, 0
18.90, 0
18.91, 0
18.92, 0
18.93, 0
18.94, 0
18.95, 0
18.96, 0
18.97, 0
18.98, 0
18.99, 0
19.00, 0
19.01, 0
19.02, 0
19.03, 0
19.04, 0
19.05, 0
19.06, 0
19.07, 0
19.08, 0
19.09, 0
19.10, 0
19.11, 0
19.12, 0
19.13, 0
19.14, 0
19.15, 0
19.16, 0
19.17, 0
19.18, 0
19.19, 0
19.20, 0
19.21, 0
19.22, 0
19.23, 0
19.24, 0
19.25, 0
19.26, 0
19.27, 0
19.28, 0
19.29, 0
19.30, 0
19.31, 0
19.32, 0
19.33, 0
19.34, 0
19.35, 0
19.36, 0
19.37, 0
19.38, 0
19.39, 0
19.40, 0
19.41, 0
19.42, 0
19.43, 0
19.44, 0
19.45, 0
19.46, 0
19.47, 0
19.48, 0
19.49, 0
19.50, 0
19.51, 0
19.52, 0
19.53, 0
19.54, 0
19.55, 0
19.56, 0
19.57, 0
19.58, 0
19.59, 0
19.60, 0
19.61, 0
19.62, 0
19.63, 0
19.64, 0
19.65, 0
19.66, 0
19.67, 0
19.68, 0
19.69, 0
19.70, 0
19.71, 0
19.72, 0
19.73, 0
19.74, 0
19.75, 0
19.76, 0
19.77, 0
19.78, 0
19.79, 0
19.80, 0
19.81, 0
19.82, 0
19.83, 0
19.84, 0
19.85, 0
19.86, 0
19.87, 0
19.88, 0
19.89, 0
19.90, 0
19.91, 0
19.92, 0
19.93, 0
19.94, 0
19.95, 0
19.96, 0
19.97, 0
19.98, 0
19.99, 0
20.00, 0
20.01, 0
20.02, 0
20.03, 0
20.04, 0
20.05, 0
20.06, 0
20.07, 0
20.08, 0
20.09, 0
20.10, 0
20.11, 0
20.12, 0
20.13, 0
20.14, 0
20.15, 0
20.16, 0
20.17, 0
20.18, 0
20.19, 0
20.20, 0
20.21, 0
20.22, 0
20.23, 0
20.24, 0
20.25, 0
20.26, 0
20.27, 0
20.28, 0
20.29, 0
20.30, 0
20.31, 0
20.32, 0
20.33, 0
20.34, 0
20.35, 0
20.36, 0
20.37, 0
20.38, 0
20.39, 0
20.40, 0
20.41, 0
20.42, 0
20.43, 0
20.44, 0
20.45, 0
20.46, 0
20.47, 0
