0.00, 0
0.01, 0
0.02, 0
0.03, 0
0.04, 0
0.05, 0
0.06, 0
0.07, 35
0.08, 12
0.09, 6
0.10, 10
0.11, 10
0.12, 11
0.13, 7
0.14, 14
0.15, 17
0.16, 20
0.17, 23
0.18, 32
0.19, 28
0.20, 37
0.21, 46
0.22, 75
0.23, 157
0.24, 303
0.25, 542
0.26, 878
0.27, 1117
0.28, 1269
0.29, 1070
0.30, 794
0.31, 468
0.32, 208
0.33, 94
0.34, 31
0.35, 25
0.36, 35
0.37, 40
0.38, 56
0.39, 59
0.40, 65
0.41, 54
0.42, 39
0.43, 38
0.44, 40
0.45, 30
0.46, 44
0.47, 86
0.48, 130
0.49, 256
0.50, 407
0.51, 616
0.52, 800
0.53, 869
0.54, 845
0.55, 639
0.56, 434
0.57, 234
0.58, 126
0.59, 58
0.60, 26
0.61, 18
0.62, 19
0.63, 21
0.64, 26
0.65, 24
0.66, 17
0.67, 22
0.68, 23
0.69, 31
0.70, 32
0.71, 36
0.72, 34
0.73, 31
0.74, 26
0.75, 31
0.76, 23
0.77, 17
0.78, 21
0.79, 19
0.80, 29
0.81, 22
0.82, 22
0.83, 22
0.84, 23
0.85, 32
0.86, 22
0.87, 20
0.88, 26
0.89, 31
0.90, 19
0.91, 26
0.92, 15
0.93, 29
0.94, 27
0.95, 26
0.96, 23
0.97, 36
0.98, 31
0.99, 23
1.00, 50
1.01, 58
1.02, 72
1.03, 88
1.04, 91
1.05, 103
1.06, 88
1.07, 88
1.08, 67
1.09, 55
1.10, 43
1.11, 32
1.12, 26
1.13, 35
1.14, 21
1.15, 23
1.16, 26
1.17, 28
1.18, 32
1.19, 31
1.20, 28
1.21, 29
1.22, 26
1.23, 36
1.24, 24
1.25, 30
1.26, 44
1.27, 31
1.28, 32
1.29, 36
1.30, 33
1.31, 25
1.32, 41
1.33, 36
1.34, 31
1.35, 18
1.36, 29
1.37, 26
1.38, 19
1.39, 34
1.40, 28
1.41, 22
1.42, 25
1.43, 36
1.44, 58
1.45, 76
1.46, 115
1.47, 114
1.48, 159
1.49, 160
1.50, 173
1.51, 162
1.52, 137
1.53, 101
1.54, 110
1.55, 66
1.56, 50
1.57, 32
1.58, 33
1.59, 31
1.60, 24
1.61, 33
1.62, 25
1.63, 26
1.64, 36
1.65, 26
1.66, 33
1.67, 32
1.68, 44
1.69, 47
1.70, 73
1.71, 90
1.72, 131
1.73, 144
1.74, 167
1.75, 181
1.76, 166
1.77, 144
1.78, 112
1.79, 105
1.80, 75
1.81, 51
1.82, 39
1.83, 36
1.84, 27
1.85, 23
1.86, 23
1.87, 16
1.88, 19
1.89, 21
1.90, 23
1.91, 16
1.92, 15
1.93, 27
1.94, 11
1.95, 17
1.96, 25
1.97, 24
1.98, 35
1.99, 19
2.00, 17
2.01, 27
2.02, 21
2.03, 23
2.04, 20
2.05, 23
2.06, 31
2.07, 21
2.08, 16
2.09, 18
2.10, 16
2.11, 16
2.12, 18
2.13, 14
2.14, 21
2.15, 14
2.16, 23
2.17, 15
2.18, 19
2.19, 20
2.20, 25
2.21, 15
2.22, 13
2.23, 18
2.24, 24
2.25, 29
2.26, 35
2.27, 35
2.28, 58
2.29, 67
2.30, 67
2.31, 71
2.32, 81
2.33, 91
2.34, 59
2.35, 57
2.36, 60
2.37, 52
2.38, 38
2.39, 29
2.40, 26
2.41, 22
2.42, 14
2.43, 16
2.44, 18
2.45, 17
2.46, 23
2.47, 25
2.48, 15
2.49, 16
2.50, 16
2.51, 19
2.52, 13
2.53, 17
2.54, 23
2.55, 13
2.56, 15
2.57, 12
2.58, 18
2.59, 19
2.60, 9
2.61, 15
2.62, 23
2.63, 28
2.64, 21
2.65, 18
2.66, 13
2.67, 15
2.68, 18
2.69, 15
2.70, 12
2.71, 19
2.72, 5
2.73, 16
2.74, 11
2.75, 6
2.76, 14
2.77, 8
2.78, 10
2.79, 11
2.80, 12
2.81, 12
2.82, 7
2.83, 14
2.84, 4
2.85, 12
2.86, 12
2.87, 18
2.88, 14
2.89, 12
2.90, 19
2.91, 10
2.92, 13
2.93, 9
2.94, 15
2.95, 7
2.96, 15
2.97, 14
2.98, 12
2.99, 14
3.00, 9
3.01, 18
3.02, 8
3.03, 10
3.04, 7
3.05, 14
3.06, 13
3.07, 13
3.08, 21
3.09, 9
3.10, 6
3.11, 9
3.12, 13
3.13, 9
3.14, 6
3.15, 6
3.16, 15
3.17, 8
3.18, 10
3.19, 17
3.20, 12
3.21, 13
3.22, 9
3.23, 9
3.24, 19
3.25, 10
3.26, 10
3.27, 11
3.28, 14
3.29, 18
3.30, 21
3.31, 23
3.32, 12
3.33, 12
3.34, 14
3.35, 9
3.36, 10
3.37, 11
3.38, 22
3.39, 15
3.40, 15
3.41, 12
3.42, 10
3.43, 4
3.44, 9
3.45, 8
3.46, 12
3.47, 5
3.48, 7
3.49, 11
3.50, 12
3.51, 11
3.52, 8
3.53, 8
3.54, 14
3.55, 11
3.56, 10
3.57, 17
3.58, 12
3.59, 19
3.60, 18
3.61, 25
3.62, 24
3.63, 30
3.64, 52
3.65, 57
3.66, 100
3.67, 93
3.68, 127
3.69, 135
3.70, 121
3.71, 149
3.72, 121
3.73, 97
3.74, 102
3.75, 74
3.76, 62
3.77, 42
3.78, 25
3.79, 18
3.80, 21
3.81, 10
3.82, 9
3.83, 8
3.84, 8
3.85, 17
3.86, 6
3.87, 8
3.88, 9
3.89, 8
3.90, 9
3.91, 10
3.92, 11
3.93, 14
3.94, 16
3.95, 7
3.96, 13
3.97, 15
3.98, 17
3.99, 16
4.00, 16
4.01, 26
4.02, 27
4.03, 14
4.04, 25
4.05, 18
4.06, 19
4.07, 16
4.08, 18
4.09, 11
4.10, 14
4.11, 12
4.12, 11
4.13, 12
4.14, 10
4.15, 8
4.16, 7
4.17, 14
4.18, 10
4.19, 9
4.20, 7
4.21, 8
4.22, 8
4.23, 8
4.24, 4
4.25, 7
4.26, 5
4.27, 5
4.28, 8
4.29, 3
4.30, 5
4.31, 9
4.32, 6
4.33, 7
4.34, 6
4.35, 4
4.36, 4
4.37, 5
4.38, 5
4.39, 6
4.40, 9
4.41, 7
4.42, 8
4.43, 2
4.44, 9
4.45, 5
4.46, 8
4.47, 8
4.48, 6
4.49, 8
4.50, 5
4.51, 5
4.52, 8
4.53, 10
4.54, 6
4.55, 10
4.56, 6
4.57, 4
4.58, 5
4.59, 6
4.60, 5
4.61, 8
4.62, 3
4.63, 7
4.64, 5
4.65, 9
4.66, 9
4.67, 6
4.68, 5
4.69, 4
4.70, 7
4.71, 5
4.72, 6
4.73, 7
4.74, 4
4.75, 7
4.76, 6
4.77, 6
4.78, 8
4.79, 8
4.80, 7
4.81, 5
4.82, 7
4.83, 7
4.84, 8
4.85, 5
4.86, 5
4.87, 2
4.88, 2
4.89, 3
4.90, 5
4.91, 2
4.92, 14
4.93, 7
4.94, 1
4.95, 3
4.96, 3
4.97, 5
4.98, 3
4.99, 2
5.00, 4
5.01, 9
5.02, 5
5.03, 9
5.04, 7
5.05, 5
5.06, 6
5.07, 5
5.08, 10
5.09, 10
5.10, 10
5.11, 5
5.12, 3
5.13, 5
5.14, 3
5.15, 8
5.16, 2
5.17, 6
5.18, 6
5.19, 9
5.20, 8
5.21, 6
5.22, 2
5.23, 4
5.24, 4
5.25, 5
5.26, 2
5.27, 8
5.28, 0
5.29, 5
5.30, 3
5.31, 5
5.32, 6
5.33, 4
5.34, 7
5.35, 4
5.36, 2
5.37, 7
5.38, 6
5.39, 6
5.40, 5
5.41, 2
5.42, 7
5.43, 9
5.44, 7
5.45, 5
5.46, 1
5.47, 7
5.48, 3
5.49, 4
5.50, 4
5.51, 2
5.52, 7
5.53, 4
5.54, 6
5.55, 6
5.56, 7
5.57, 5
5.58, 4
5.59, 6
5.60, 3
5.61, 2
5.62, 4
5.63, 4
5.64, 2
5.65, 7
5.66, 3
5.67, 5
5.68, 9
5.69, 3
5.70, 3
5.71, 4
5.72, 3
5.73, 2
5.74, 3
5.75, 7
5.76, 3
5.77, 4
5.78, 5
5.79, 5
5.80, 3
5.81, 7
5.82, 5
5.83, 5
5.84, 1
5.85, 6
5.86, 5
5.87, 7
5.88, 6
5.89, 3
5.90, 1
5.91, 5
5.92, 3
5.93, 7
5.94, 3
5.95, 6
5.96, 6
5.97, 6
5.98, 2
5.99, 0
6.00, 3
6.01, 3
6.02, 4
6.03, 6
6.04, 2
6.05, 5
6.06, 3
6.07, 6
6.08, 0
6.09, 3
6.10, 3
6.11, 5
6.12, 5
6.13, 4
6.14, 1
6.15, 2
6.16, 5
6.17, 5
6.18, 6
6.19, 5
6.20, 2
6.21, 7
6.22, 4
6.23, 5
6.24, 6
6.25, 6
6.26, 6
6.27, 6
6.28, 8
6.29, 2
6.30, 4
6.31, 4
6.32, 0
6.33, 3
6.34, 6
6.35, 8
6.36, 3
6.37, 6
6.38, 7
6.39, 3
6.40, 3
6.41, 4
6.42, 4
6.43, 5
6.44, 5
6.45, 4
6.46, 2
6.47, 2
6.48, 6
6.49, 7
6.50, 2
6.51, 5
6.52, 2
6.53, 5
6.54, 4
6.55, 1
6.56, 3
6.57, 4
6.58, 6
6.59, 4
6.60, 3
6.61, 2
6.62, 5
6.63, 4
6.64, 4
6.65, 3
6.66, 3
6.67, 6
6.68, 0
6.69, 6
6.70, 2
6.71, 3
6.72, 2
6.73, 3
6.74, 3
6.75, 3
6.76, 2
6.77, 3
6.78, 3
6.79, 3
6.80, 2
6.81, 6
6.82, 4
6.83, 7
6.84, 3
6.85, 4
6.86, 1
6.87, 4
6.88, 5
6.89, 6
6.90, 1
6.91, 4
6.92, 2
6.93, 0
6.94, 4
6.95, 3
6.96, 2
6.97, 2
6.98, 3
6.99, 3
7.00, 3
7.01, 7
7.02, 3
7.03, 3
7.04, 3
7.05, 6
7.06, 5
7.07, 4
7.08, 3
7.09, 5
7.10, 2
7.11, 3
7.12, 2
7.13, 3
7.14, 8
7.15, 2
7.16, 3
7.17, 1
7.18, 1
7.19, 5
7.20, 3
7.21, 4
7.22, 5
7.23, 6
7.24, 8
7.25, 6
7.26, 1
7.27, 1
7.28, 4
7.29, 2
7.30, 1
7.31, 2
7.32, 2
7.33, 2
7.34, 4
7.35, 1
7.36, 4
7.37, 3
7.38, 6
7.39, 3
7.40, 0
7.41, 3
7.42, 2
7.43, 7
7.44, 2
7.45, 4
7.46, 2
7.47, 4
7.48, 4
7.49, 6
7.50, 2
7.51, 2
7.52, 2
7.53, 3
7.54, 2
7.55, 1
7.56, 2
7.57, 3
7.58, 4
7.59, 3
7.60, 0
7.61, 6
7.62, 5
7.63, 3
7.64, 4
7.65, 0
7.66, 3
7.67, 4
7.68, 5
7.69, 6
7.70, 1
7.71, 5
7.72, 4
7.73, 3
7.74, 4
7.75, 3
7.76, 2
7.77, 3
7.78, 1
7.79, 3
7.80, 2
7.81, 2
7.82, 2
7.83, 2
7.84, 0
7.85, 4
7.86, 2
7.87, 3
7.88, 4
7.89, 1
7.90, 4
7.91, 1
7.92, 3
7.93, 1
7.94, 7
7.95, 4
7.96, 1
7.97, 2
7.98, 2
7.99, 3
8.00, 2
8.01, 6
8.02, 4
8.03, 3
8.04, 2
8.05, 5
8.06, 3
8.07, 3
8.08, 2
8.09, 4
8.10, 2
8.11, 1
8.12, 2
8.13, 2
8.14, 1
8.15, 4
8.16, 2
8.17, 3
8.18, 1
8.19, 3
8.20, 1
8.21, 0
8.22, 0
8.23, 1
8.24, 5
8.25, 2
8.26, 2
8.27, 0
8.28, 1
8.29, 2
8.30, 2
8.31, 4
8.32, 1
8.33, 3
8.34, 2
8.35, 4
8.36, 1
8.37, 3
8.38, 0
8.39, 0
8.40, 2
8.41, 1
8.42, 1
8.43, 4
8.44, 3
8.45, 2
8.46, 2
8.47, 1
8.48, 1
8.49, 3
8.50, 4
8.51, 0
8.52, 0
8.53, 1
8.54, 4
8.55, 1
8.56, 0
8.57, 1
8.58, 3
8.59, 3
8.60, 2
8.61, 0
8.62, 2
8.63, 2
8.64, 5
8.65, 3
8.66, 1
8.67, 1
8.68, 4
8.69, 1
8.70, 3
8.71, 3
8.72, 0
8.73, 4
8.74, 3
8.75, 4
8.76, 3
8.77, 0
8.78, 2
8.79, 3
8.80, 3
8.81, 4
8.82, 0
8.83, 2
8.84, 2
8.85, 2
8.86, 4
8.87, 3
8.88, 1
8.89, 1
8.90, 2
8.91, 1
8.92, 2
8.93, 3
8.94, 3
8.95, 1
8.96, 2
8.97, 1
8.98, 3
8.99, 2
9.00, 0
9.01, 0
9.02, 2
9.03, 4
9.04, 0
9.05, 2
9.06, 2
9.07, 2
9.08, 4
9.09, 0
9.10, 3
9.11, 1
9.12, 2
9.13, 3
9.14, 2
9.15, 0
9.16, 1
9.17, 2
9.18, 1
9.19, 1
9.20, 0
9.21, 6
9.22, 1
9.23, 3
9.24, 2
9.25, 1
9.26, 4
9.27, 1
9.28, 4
9.29, 1
9.30, 0
9.31, 2
9.32, 3
9.33, 1
9.34, 2
9.35, 1
9.36, 3
9.37, 0
9.38, 0
9.39, 5
9.40, 4
9.41, 1
9.42, 1
9.43, 2
9.44, 1
9.45, 0
9.46, 1
9.47, 1
9.48, 0
9.49, 2
9.50, 2
9.51, 1
9.52, 1
9.53, 1
9.54, 0
9.55, 0
9.56, 0
9.57, 2
9.58, 1
9.59, 0
9.60, 1
9.61, 1
9.62, 2
9.63, 0
9.64, 0
9.65, 1
9.66, 1
9.67, 1
9.68, 1
9.69, 4
9.70, 0
9.71, 1
9.72, 0
9.73, 0
9.74, 3
9.75, 1
9.76, 2
9.77, 2
9.78, 1
9.79, 1
9.80, 1
9.81, 1
9.82, 0
9.83, 1
9.84, 1
9.85, 0
9.86, 0
9.87, 0
9.88, 0
9.89, 0
9.90, 2
9.91, 4
9.92, 1
9.93, 1
9.94, 2
9.95, 0
9.96, 5
9.97, 0
9.98, 1
9.99, 2
10.00, 1
10.01, 2
10.02, 0
10.03, 3
10.04, 1
10.05, 1
10.06, 1
10.07, 2
10.08, 0
10.09, 0
10.10, 3
10.11, 0
10.12, 2
10.13, 5
10.14, 0
10.15, 0
10.16, 3
10.17, 1
10.18, 1
10.19, 3
10.20, 2
10.21, 1
10.22, 3
10.23, 0
10.24, 2
10.25, 2
10.26, 0
10.27, 1
10.28, 1
10.29, 3
10.30, 0
10.31, 0
10.32, 1
10.33, 0
10.34, 0
10.35, 3
10.36, 2
10.37, 2
10.38, 2
10.39, 1
10.40, 1
10.41, 1
10.42, 2
10.43, 1
10.44, 0
10.45, 1
10.46, 1
10.47, 1
10.48, 1
10.49, 0
10.50, 2
10.51, 3
10.52, 3
10.53, 1
10.54, 4
10.55, 0
10.56, 0
10.57, 0
10.58, 0
10.59, 1
10.60, 0
10.61, 1
10.62, 1
10.63, 2
10.64, 1
10.65, 1
10.66, 2
10.67, 0
10.68, 2
10.69, 0
10.70, 0
10.71, 2
10.72, 1
10.73, 1
10.74, 2
10.75, 3
10.76, 4
10.77, 0
10.78, 0
10.79, 3
10.80, 3
10.81, 0
10.82, 1
10.83, 2
10.84, 1
10.85, 1
10.86, 0
10.87, 1
10.88, 0
10.89, 3
10.90, 0
10.91, 0
10.92, 1
10.93, 0
10.94, 0
10.95, 3
10.96, 2
10.97, 1
10.98, 2
10.99, 2
11.00, 0
11.01, 1
11.02, 2
11.03, 3
11.04, 2
11.05, 1
11.06, 0
11.07, 0
11.08, 0
11.09, 0
11.10, 0
11.11, 1
11.12, 0
11.13, 0
11.14, 0
11.15, 1
11.16, 0
11.17, 0
11.18, 0
11.19, 0
11.20, 0
11.21, 1
11.22, 2
11.23, 1
11.24, 1
11.25, 3
11.26, 0
11.27, 2
11.28, 2
11.29, 1
11.30, 1
11.31, 1
11.32, 3
11.33, 1
11.34, 2
11.35, 5
11.36, 0
11.37, 1
11.38, 5
11.39, 4
11.40, 0
11.41, 1
11.42, 0
11.43, 2
11.44, 1
11.45, 1
11.46, 0
11.47, 0
11.48, 1
11.49, 1
11.50, 1
11.51, 0
11.52, 3
11.53, 0
11.54, 0
11.55, 2
11.56, 0
11.57, 0
11.58, 2
11.59, 1
11.60, 0
11.61, 0
11.62, 0
11.63, 1
11.64, 2
11.65, 0
11.66, 2
11.67, 2
11.68, 0
11.69, 3
11.70, 1
11.71, 0
11.72, 2
11.73, 1
11.74, 0
11.75, 1
11.76, 0
11.77, 1
11.78, 2
11.79, 1
11.80, 1
11.81, 0
11.82, 0
11.83, 2
11.84, 0
11.85, 1
11.86, 3
11.87, 1
11.88, 0
11.89, 0
11.90, 2
11.91, 1
11.92, 2
11.93, 0
11.94, 3
11.95, 0
11.96, 3
11.97, 4
11.98, 1
11.99, 3
12.00, 0
12.01, 1
12.02, 1
12.03, 1
12.04, 1
12.05, 2
12.06, 4
12.07, 2
12.08, 1
12.09, 0
12.10, 1
12.11, 0
12.12, 4
12.13, 1
12.14, 0
12.15, 0
12.16, 1
12.17, 0
12.18, 3
12.19, 0
12.20, 0
12.21, 0
12.22, 0
12.23, 2
12.24, 0
12.25, 1
12.26, 0
12.27, 1
12.28, 1
12.29, 2
12.30, 1
12.31, 2
12.32, 0
12.33, 1
12.34, 1
12.35, 1
12.36, 2
12.37, 1
12.38, 0
12.39, 0
12.40, 1
12.41, 0
12.42, 5
12.43, 0
12.44, 0
12.45, 1
12.46, 2
12.47, 1
12.48, 1
12.49, 1
12.50, 1
12.51, 0
12.52, 0
12.53, 0
12.54, 1
12.55, 2
12.56, 1
12.57, 1
12.58, 0
12.59, 1
12.60, 2
12.61, 1
12.62, 1
12.63, 1
12.64, 0
12.65, 2
12.66, 1
12.67, 0
12.68, 2
12.69, 2
12.70, 2
12.71, 0
12.72, 2
12.73, 1
12.74, 1
12.75, 1
12.76, 2
12.77, 0
12.78, 0
12.79, 1
12.80, 0
12.81, 2
12.82, 1
12.83, 2
12.84, 2
12.85, 2
12.86, 0
12.87, 0
12.88, 2
12.89, 0
12.90, 1
12.91, 3
12.92, 1
12.93, 1
12.94, 1
12.95, 0
12.96, 2
12.97, 1
12.98, 0
12.99, 3
13.00, 2
13.01, 0
13.02, 2
13.03, 2
13.04, 1
13.05, 1
13.06, 1
13.07, 2
13.08, 4
13.09, 2
13.10, 0
13.11, 1
13.12, 1
13.13, 3
13.14, 0
13.15, 1
13.16, 1
13.17, 0
13.18, 1
13.19, 1
13.20, 2
13.21, 0
13.22, 2
13.23, 0
13.24, 1
13.25, 1
13.26, 3
13.27, 0
13.28, 1
13.29, 1
13.30, 1
13.31, 3
13.32, 2
13.33, 2
13.34, 2
13.35, 0
13.36, 3
13.37, 2
13.38, 0
13.39, 1
13.40, 1
13.41, 0
13.42, 1
13.43, 0
13.44, 1
13.45, 1
13.46, 1
13.47, 0
13.48, 2
13.49, 0
13.50, 2
13.51, 0
13.52, 1
13.53, 1
13.54, 1
13.55, 0
13.56, 0
13.57, 2
13.58, 2
13.59, 1
13.60, 1
13.61, 0
13.62, 1
13.63, 0
13.64, 4
13.65, 0
13.66, 2
13.67, 0
13.68, 4
13.69, 1
13.70, 1
13.71, 1
13.72, 2
13.73, 1
13.74, 2
13.75, 1
13.76, 1
13.77, 0
13.78, 0
13.79, 2
13.80, 1
13.81, 0
13.82, 0
13.83, 2
13.84, 1
13.85, 3
13.86, 2
13.87, 1
13.88, 1
13.89, 4
13.90, 1
13.91, 1
13.92, 1
13.93, 2
13.94, 1
13.95, 4
13.96, 0
13.97, 2
13.98, 1
13.99, 3
14.00, 1
14.01, 0
14.02, 4
14.03, 1
14.04, 3
14.05, 2
14.06, 2
14.07, 1
14.08, 0
14.09, 0
14.10, 2
14.11, 0
14.12, 0
14.13, 0
14.14, 2
14.15, 1
14.16, 4
14.17, 3
14.18, 0
14.19, 0
14.20, 2
14.21, 3
14.22, 3
14.23, 0
14.24, 1
14.25, 2
14.26, 1
14.27, 1
14.28, 3
14.29, 0
14.30, 4
14.31, 1
14.32, 2
14.33, 0
14.34, 1
14.35, 2
14.36, 3
14.37, 0
14.38, 2
14.39, 1
14.40, 2
14.41, 2
14.42, 0
14.43, 3
14.44, 4
14.45, 3
14.46, 1
14.47, 0
14.48, 0
14.49, 1
14.50, 6
14.51, 1
14.52, 2
14.53, 2
14.54, 1
14.55, 2
14.56, 1
14.57, 0
14.58, 2
14.59, 2
14.60, 2
14.61, 0
14.62, 0
14.63, 3
14.64, 2
14.65, 2
14.66, 2
14.67, 2
14.68, 0
14.69, 0
14.70, 0
14.71, 2
14.72, 3
14.73, 1
14.74, 3
14.75, 1
14.76, 1
14.77, 2
14.78, 0
14.79, 1
14.80, 1
14.81, 1
14.82, 4
14.83, 1
14.84, 0
14.85, 1
14.86, 1
14.87, 1
14.88, 2
14.89, 1
14.90, 2
14.91, 0
14.92, 1
14.93, 0
14.94, 1
14.95, 2
14.96, 1
14.97, 1
14.98, 1
14.99, 1
15.00, 0
15.01, 2
15.02, 0
15.03, 0
15.04, 2
15.05, 1
15.06, 1
15.07, 1
15.08, 1
15.09, 0
15.10, 2
15.11, 1
15.12, 2
15.13, 0
15.14, 2
15.15, 0
15.16, 0
15.17, 1
15.18, 0
15.19, 1
15.20, 0
15.21, 3
15.22, 1
15.23, 1
15.24, 2
15.25, 0
15.26, 1
15.27, 1
15.28, 1
15.29, 2
15.30, 2
15.31, 4
15.32, 0
15.33, 1
15.34, 3
15.35, 2
15.36, 0
15.37, 1
15.38, 0
15.39, 2
15.40, 2
15.41, 0
15.42, 0
15.43, 2
15.44, 1
15.45, 1
15.46, 1
15.47, 1
15.48, 2
15.49, 2
15.50, 2
15.51, 3
15.52, 2
15.53, 1
15.54, 1
15.55, 1
15.56, 0
15.57, 1
15.58, 3
15.59, 0
15.60, 0
15.61, 2
15.62, 1
15.63, 1
15.64, 1
15.65, 1
15.66, 2
15.67, 1
15.68, 1
15.69, 0
15.70, 1
15.71, 0
15.72, 0
15.73, 4
15.74, 3
15.75, 1
15.76, 0
15.77, 0
15.78, 0
15.79, 3
15.80, 2
15.81, 1
15.82, 1
15.83, 0
15.84, 1
15.85, 1
15.86, 0
15.87, 0
15.88, 3
15.89, 2
15.90, 1
15.91, 5
15.92, 0
15.93, 1
15.94, 0
15.95, 2
15.96, 1
15.97, 3
15.98, 3
15.99, 2
16.00, 0
16.01, 0
16.02, 0
16.03, 1
16.04, 1
16.05, 0
16.06, 0
16.07, 5
16.08, 0
16.09, 1
16.10, 0
16.11, 0
16.12, 0
16.13, 0
16.14, 0
16.15, 1
16.16, 0
16.17, 0
16.18, 3
16.19, 2
16.20, 1
16.21, 0
16.22, 2
16.23, 1
16.24, 0
16.25, 1
16.26, 0
16.27, 1
16.28, 3
16.29, 0
16.30, 3
16.31, 0
16.32, 1
16.33, 0
16.34, 0
16.35, 0
16.36, 1
16.37, 2
16.38, 0
16.39, 2
16.40, 0
16.41, 0
16.42, 2
16.43, 1
16.44, 0
16.45, 2
16.46, 1
16.47, 1
16.48, 1
16.49, 0
16.50, 2
16.51, 1
16.52, 2
16.53, 0
16.54, 1
16.55, 1
16.56, 0
16.57, 1
16.58, 0
16.59, 1
16.60, 1
16.61, 1
16.62, 0
16.63, 0
16.64, 1
16.65, 0
16.66, 0
16.67, 2
16.68, 1
16.69, 0
16.70, 0
16.71, 0
16.72, 0
16.73, 2
16.74, 0
16.75, 0
16.76, 0
16.77, 1
16.78, 0
16.79, 1
16.80, 2
16.81, 1
16.82, 1
16.83, 0
16.84, 1
16.85, 1
16.86, 0
16.87, 2
16.88, 0
16.89, 1
16.90, 0
16.91, 1
16.92, 1
16.93, 1
16.94, 0
16.95, 1
16.96, 0
16.97, 1
16.98, 0
16.99, 0
17.00, 1
17.01, 1
17.02, 1
17.03, 1
17.04, 0
17.05, 1
17.06, 1
17.07, 0
17.08, 1
17.09, 1
17.10, 1
17.11, 1
17.12, 1
17.13, 0
17.14, 0
17.15, 0
17.16, 0
17.17, 1
17.18, 0
17.19, 0
17.20, 0
17.21, 0
17.22, 1
17.23, 0
17.24, 0
17.25, 0
17.26, 0
17.27, 0
17.28, 0
17.29, 1
17.30, 2
17.31, 1
17.32, 0
17.33, 0
17.34, 0
17.35, 0
17.36, 0
17.37, 0
17.38, 0
17.39, 0
17.40, 0
17.41, 0
17.42, 1
17.43, 1
17.44, 0
17.45, 0
17.46, 0
17.47, 0
17.48, 0
17.49, 1
17.50, 0
17.51, 0
17.52, 0
17.53, 2
17.54, 0
17.55, 0
17.56, 1
17.57, 0
17.58, 1
17.59, 0
17.60, 0
17.61, 0
17.62, 1
17.63, 0
17.64, 0
17.65, 0
17.66, 1
17.67, 0
17.68, 1
17.69, 1
17.70, 0
17.71, 2
17.72, 1
17.73, 1
17.74, 0
17.75, 0
17.76, 0
17.77, 1
17.78, 1
17.79, 0
17.80, 1
17.81, 0
17.82, 0
17.83, 0
17.84, 0
17.85, 0
17.86, 0
17.87, 0
17.88, 1
17.89, 1
17.90, 0
17.91, 0
17.92, 0
17.93, 0
17.94, 0
17.95, 0
17.96, 0
17.97, 0
17.98, 0
17.99, 1
18.00, 0
18.01, 0
18.02, 0
18.03, 1
18.04, 0
18.05, 0
18.06, 0
18.07, 1
18.08, 0
18.09, 0
18.10, 0
18.11, 2
18.12, 0
18.13, 0
18.14, 0
18.15, 0
18.16, 0
18.17, 0
18.18, 1
18.19, 1
18.20, 0
18.21, 0
18.22, 1
18.23, 1
18.24, 0
18.25, 0
18.26, 1
18.27, 0
18.28, 0
18.29, 0
18.30, 0
18.31, 0
18.32, 1
18.33, 0
18.34, 0
18.35, 0
18.36, 0
18.37, 1
18.38, 0
18.39, 0
18.40, 0
18.41, 0
18.42, 0
18.43, 0
18.44, 0
18.45, 0
18.46, 0
18.47, 0
18.48, 0
18.49, 0
18.50, 0
18.51, 1
18.52, 0
18.53, 0
18.54, 0
18.55, 1
18.56, 0
18.57, 0
18.58, 0
18.59, 0
18.60, 1
18.61, 0
18.62, 1
18.63, 1
18.64, 0
18.65, 0
18.66, 0
18.67, 0
18.68, 0
18.69, 0
18.70, 0
18.71, 0
18.72, 0
18.73, 0
18.74, 0
18.75, 0
18.76, 0
18.77, 0
18.78, 0
18.79, 1
18.80, 0
18.81, 0
18.82, 0
18.83, 0
18.84, 0
18.85, 0
18.86, 0
18.87, 0
18.88, 0
18.89, 0
18.90, 0
18.91, 1
18.92, 0
18.93, 0
18.94, 0
18.95, 0
18.96, 0
18.97, 0
18.98, 0
18.99, 0
19.00, 0
19.01, 0
19.02, 1
19.03, 0
19.04, 0
19.05, 0
19.06, 0
19.07, 0
19.08, 0
19.09, 0
19.10, 0
19.11, 0
19.12, 0
19.13, 0
19.14, 0
19.15, 0
19.16, 0
19.17, 0
19.18, 1
19.19, 0
19.20, 0
19.21, 0
19.22, 0
19.23, 0
19.24, 0
19.25, 0
19.26, 0
19.27, 0
19.28, 0
19.29, 0
19.30, 0
19.31, 0
19.32, 0
19.33, 0
19.34, 0
19.35, 0
19.36, 0
19.37, 0
19.38, 0
19.39, 0
19.40, 0
19.41, 0
19.42, 0
19.43, 0
19.44, 0
19.45, 0
19.46, 0
19.47, 0
19.48, 0
19.49, 0
19.50, 0
19.51, 0
19.52, 0
19.53, 0
19.54, 0
19.55, 0
19.56, 1
19.57, 0
19.58, 0
19.59, 0
19.60, 0
19.61, 0
19.62, 0
19.63, 0
19.64, 0
19.65, 0
19.66, 0
19.67, 0
19.68, 0
19.69, 0
19.70, 0
19.71, 0
19.72, 0
19.73, 0
19.74, 0
19.75, 0
19.76, 0
19.77, 0
19.78, 0
19.79, 0
19.80, 0
19.81, 0
19.82, 0
19.83, 0
19.84, 0
19.85, 0
19.86, 0
19.87, 0
19.88, 0
19.89, 0
19.90, 0
19.91, 0
19.92, 0
19.93, 0
19.94, 0
19.95, 0
19.96, 0
19.97, 0
19.98, 0
19.99, 0
20.00, 0
20.01, 0
20.02, 0
20.03, 0
20.04, 0
20.05, 0
20.06, 0
20.07, 0
20.08, 0
20.09, 0
20.10, 0
20.11, 0
20.12, 0
20.13, 0
20.14, 0
20.15, 0
20.16, 0
20.17, 0
20.18, 0
20.19, 0
20.20, 0
20.21, 0
20.22, 0
20.23, 0
20.24, 0
20.25, 0
20.26, 0
20.27, 0
20.28, 0
20.29, 0
20.30, 0
20.31, 0
20.32, 0
20.33, 0
20.34, 0
20.35, 0
20.36, 0
20.37, 0
20.38, 0
20.39, 0
20.40, 0
20.41, 0
20.42, 0
20.43, 0
20.44, 0
20.45, 0
20.46, 0
20.47, 0
