0.00, 0
0.01, 0
0.02, 0
0.03, 0
0.04, 0
0.05, 0
0.06, 0
0.07, 48
0.08, 8
0.09, 6
0.10, 9
0.11, 4
0.12, 9
0.13, 10
0.14, 6
0.15, 11
0.16, 11
0.17, 13
0.18, 8
0.19, 13
0.20, 15
0.21, 14
0.22, 30
0.23, 42
0.24, 97
0.25, 144
0.26, 246
0.27, 326
0.28, 346
0.29, 260
0.30, 189
0.31, 117
0.32, 77
0.33, 34
0.34, 21
0.35, 11
0.36, 11
0.37, 18
0.38, 32
0.39, 16
0.40, 10
0.41, 24
0.42, 17
0.43, 15
0.44, 14
0.45, 20
0.46, 29
0.47, 50
0.48, 92
0.49, 160
0.50, 249
0.51, 419
0.52, 515
0.53, 592
0.54, 488
0.55, 378
0.56, 263
0.57, 164
0.58, 76
0.59, 37
0.60, 17
0.61, 14
0.62, 3
0.63, 6
0.64, 15
0.65, 9
0.66, 12
0.67, 13
0.68, 19
0.69, 18
0.70, 11
0.71, 19
0.72, 18
0.73, 23
0.74, 13
0.75, 20
0.76, 20
0.77, 13
0.78, 12
0.79, 10
0.80, 14
0.81, 22
0.82, 13
0.83, 8
0.84, 23
0.85, 21
0.86, 18
0.87, 21
0.88, 7
0.89, 19
0.90, 25
0.91, 17
0.92, 17
0.93, 17
0.94, 20
0.95, 18
0.96, 24
0.97, 26
0.98, 32
0.99, 27
1.00, 38
1.01, 37
1.02, 73
1.03, 102
1.04, 98
1.05, 115
1.06, 88
1.07, 81
1.08, 66
1.09, 38
1.10, 44
1.11, 45
1.12, 23
1.13, 35
1.14, 35
1.15, 26
1.16, 30
1.17, 20
1.18, 28
1.19, 29
1.20, 19
1.21, 25
1.22, 30
1.23, 38
1.24, 32
1.25, 60
1.26, 55
1.27, 78
1.28, 95
1.29, 100
1.30, 105
1.31, 86
1.32, 67
1.33, 56
1.34, 60
1.35, 40
1.36, 46
1.37, 41
1.38, 38
1.39, 33
1.40, 25
1.41, 51
1.42, 42
1.43, 49
1.44, 79
1.45, 108
1.46, 158
1.47, 215
1.48, 222
1.49, 268
1.50, 319
1.51, 255
1.52, 241
1.53, 203
1.54, 150
1.55, 93
1.56, 59
1.57, 45
1.58, 39
1.59, 41
1.60, 25
1.61, 30
1.62, 26
1.63, 35
1.64, 12
1.65, 26
1.66, 42
1.67, 32
1.68, 40
1.69, 52
1.70, 62
1.71, 78
1.72, 112
1.73, 145
1.74, 137
1.75, 147
1.76, 152
1.77, 146
1.78, 118
1.79, 100
1.80, 64
1.81, 66
1.82, 57
1.83, 46
1.84, 35
1.85, 23
1.86, 30
1.87, 25
1.88, 30
1.89, 26
1.90, 37
1.91, 31
1.92, 26
1.93, 30
1.94, 35
1.95, 32
1.96, 32
1.97, 25
1.98, 26
1.99, 27
2.00, 31
2.01, 21
2.02, 27
2.03, 23
2.04, 30
2.05, 32
2.06, 27
2.07, 25
2.08, 23
2.09, 22
2.10, 41
2.11, 25
2.12, 19
2.13, 27
2.14, 26
2.15, 23
2.16, 30
2.17, 24
2.18, 24
2.19, 26
2.20, 21
2.21, 25
2.22, 23
2.23, 35
2.24, 28
2.25, 38
2.26, 48
2.27, 67
2.28, 81
2.29, 101
2.30, 113
2.31, 117
2.32, 122
2.33, 110
2.34, 109
2.35, 100
2.36, 91
2.37, 70
2.38, 47
2.39, 48
2.40, 35
2.41, 32
2.42, 29
2.43, 28
2.44, 28
2.45, 30
2.46, 31
2.47, 31
2.48, 19
2.49, 28
2.50, 20
2.51, 23
2.52, 34
2.53, 32
2.54, 22
2.55, 21
2.56, 24
2.57, 21
2.58, 25
2.59, 26
2.60, 36
2.61, 31
2.62, 28
2.63, 40
2.64, 32
2.65, 41
2.66, 35
2.67, 23
2.68, 23
2.69, 28
2.70, 24
2.71, 26
2.72, 23
2.73, 21
2.74, 10
2.75, 21
2.76, 24
2.77, 21
2.78, 12
2.79, 19
2.80, 13
2.81, 20
2.82, 25
2.83, 21
2.84, 16
2.85, 20
2.86, 14
2.87, 14
2.88, 24
2.89, 21
2.90, 18
2.91, 15
2.92, 19
2.93, 23
2.94, 14
2.95, 21
2.96, 11
2.97, 22
2.98, 20
2.99, 19
3.00, 14
3.01, 21
3.02, 25
3.03, 25
3.04, 16
3.05, 20
3.06, 25
3.07, 24
3.08, 22
3.09, 15
3.10, 14
3.11, 25
3.12, 17
3.13, 24
3.14, 16
3.15, 15
3.16, 19
3.17, 12
3.18, 13
3.19, 13
3.20, 23
3.21, 26
3.22, 26
3.23, 27
3.24, 21
3.25, 19
3.26, 14
3.27, 27
3.28, 26
3.29, 27
3.30, 31
3.31, 22
3.32, 23
3.33, 31
3.34, 29
3.35, 25
3.36, 24
3.37, 14
3.38, 14
3.39, 23
3.40, 20
3.41, 17
3.42, 26
3.43, 18
3.44, 23
3.45, 11
3.46, 19
3.47, 15
3.48, 18
3.49, 11
3.50, 12
3.51, 19
3.52, 12
3.53, 23
3.54, 16
3.55, 18
3.56, 18
3.57, 30
3.58, 42
3.59, 48
3.60, 56
3.61, 97
3.62, 132
3.63, 165
3.64, 254
3.65, 299
3.66, 411
3.67, 470
3.68, 561
3.69, 659
3.70, 667
3.71, 614
3.72, 626
3.73, 580
3.74, 482
3.75, 389
3.76, 308
3.77, 219
3.78, 155
3.79, 84
3.80, 65
3.81, 42
3.82, 30
3.83, 20
3.84, 25
3.85, 18
3.86, 17
3.87, 11
3.88, 18
3.89, 15
3.90, 28
3.91, 25
3.92, 25
3.93, 22
3.94, 25
3.95, 35
3.96, 41
3.97, 46
3.98, 56
3.99, 67
4.00, 79
4.01, 72
4.02, 93
4.03, 98
4.04, 74
4.05, 70
4.06, 63
4.07, 61
4.08, 48
4.09, 33
4.10, 32
4.11, 24
4.12, 21
4.13, 26
4.14, 11
4.15, 10
4.16, 10
4.17, 10
4.18, 6
4.19, 10
4.20, 10
4.21, 8
4.22, 9
4.23, 10
4.24, 9
4.25, 9
4.26, 9
4.27, 15
4.28, 18
4.29, 15
4.30, 6
4.31, 10
4.32, 13
4.33, 12
4.34, 5
4.35, 15
4.36, 8
4.37, 17
4.38, 7
4.39, 6
4.40, 15
4.41, 17
4.42, 7
4.43, 8
4.44, 18
4.45, 14
4.46, 18
4.47, 11
4.48, 8
4.49, 15
4.50, 22
4.51, 9
4.52, 7
4.53, 18
4.54, 20
4.55, 12
4.56, 9
4.57, 9
4.58, 10
4.59, 13
4.60, 10
4.61, 7
4.62, 14
4.63, 8
4.64, 9
4.65, 12
4.66, 10
4.67, 14
4.68, 5
4.69, 11
4.70, 8
4.71, 10
4.72, 7
4.73, 5
4.74, 12
4.75, 12
4.76, 5
4.77, 15
4.78, 12
4.79, 12
4.80, 18
4.81, 8
4.82, 13
4.83, 17
4.84, 5
4.85, 15
4.86, 9
4.87, 13
4.88, 10
4.89, 9
4.90, 12
4.91, 13
4.92, 11
4.93, 7
4.94, 11
4.95, 16
4.96, 15
4.97, 10
4.98, 10
4.99, 8
5.00, 8
5.01, 7
5.02, 6
5.03, 15
5.04, 11
5.05, 8
5.06, 4
5.07, 10
5.08, 11
5.09, 11
5.10, 5
5.11, 10
5.12, 8
5.13, 5
5.14, 12
5.15, 9
5.16, 10
5.17, 9
5.18, 13
5.19, 8
5.20, 9
5.21, 9
5.22, 11
5.23, 7
5.24, 8
5.25, 8
5.26, 9
5.27, 5
5.28, 8
5.29, 10
5.30, 7
5.31, 8
5.32, 7
5.33, 7
5.34, 10
5.35, 8
5.36, 11
5.37, 5
5.38, 5
5.39, 7
5.40, 8
5.41, 8
5.42, 6
5.43, 8
5.44, 9
5.45, 12
5.46, 8
5.47, 10
5.48, 8
5.49, 15
5.50, 10
5.51, 3
5.52, 9
5.53, 11
5.54, 5
5.55, 9
5.56, 2
5.57, 4
5.58, 5
5.59, 10
5.60, 4
5.61, 8
5.62, 5
5.63, 4
5.64, 7
5.65, 5
5.66, 3
5.67, 6
5.68, 5
5.69, 11
5.70, 5
5.71, 6
5.72, 3
5.73, 11
5.74, 12
5.75, 7
5.76, 9
5.77, 10
5.78, 6
5.79, 5
5.80, 8
5.81, 7
5.82, 5
5.83, 8
5.84, 3
5.85, 4
5.86, 8
5.87, 9
5.88, 7
5.89, 10
5.90, 9
5.91, 6
5.92, 3
5.93, 10
5.94, 5
5.95, 4
5.96, 4
5.97, 3
5.98, 5
5.99, 4
6.00, 7
6.01, 4
6.02, 6
6.03, 7
6.04, 6
6.05, 4
6.06, 5
6.07, 6
6.08, 9
6.09, 7
6.10, 6
6.11, 4
6.12, 5
6.13, 5
6.14, 3
6.15, 3
6.16, 7
6.17, 7
6.18, 5
6.19, 7
6.20, 6
6.21, 10
6.22, 1
6.23, 5
6.24, 9
6.25, 6
6.26, 7
6.27, 9
6.28, 9
6.29, 4
6.30, 6
6.31, 8
6.32, 8
6.33, 7
6.34, 16
6.35, 11
6.36, 12
6.37, 18
6.38, 20
6.39, 13
6.40, 11
6.41, 14
6.42, 16
6.43, 14
6.44, 21
6.45, 21
6.46, 9
6.47, 15
6.48, 12
6.49, 13
6.50, 17
6.51, 8
6.52, 6
6.53, 10
6.54, 3
6.55, 11
6.56, 4
6.57, 6
6.58, 4
6.59, 6
6.60, 3
6.61, 5
6.62, 5
6.63, 4
6.64, 5
6.65, 4
6.66, 8
6.67, 10
6.68, 7
6.69, 4
6.70, 9
6.71, 2
6.72, 4
6.73, 7
6.74, 4
6.75, 1
6.76, 5
6.77, 6
6.78, 8
6.79, 5
6.80, 5
6.81, 5
6.82, 7
6.83, 7
6.84, 7
6.85, 1
6.86, 2
6.87, 6
6.88, 6
6.89, 5
6.90, 6
6.91, 5
6.92, 7
6.93, 3
6.94, 7
6.95, 3
6.96, 8
6.97, 5
6.98, 5
6.99, 9
7.00, 10
7.01, 4
7.02, 5
7.03, 6
7.04, 3
7.05, 4
7.06, 5
7.07, 2
7.08, 5
7.09, 7
7.10, 7
7.11, 4
7.12, 8
7.13, 2
7.14, 6
7.15, 3
7.16, 5
7.17, 3
7.18, 7
7.19, 4
7.20, 5
7.21, 4
7.22, 4
7.23, 4
7.24, 5
7.25, 4
7.26, 1
7.27, 10
7.28, 5
7.29, 4
7.30, 4
7.31, 4
7.32, 2
7.33, 6
7.34, 6
7.35, 6
7.36, 3
7.37, 3
7.38, 8
7.39, 10
7.40, 1
7.41, 3
7.42, 6
7.43, 5
7.44, 4
7.45, 6
7.46, 2
7.47, 1
7.48, 3
7.49, 4
7.50, 4
7.51, 3
7.52, 2
7.53, 9
7.54, 6
7.55, 2
7.56, 4
7.57, 4
7.58, 1
7.59, 4
7.60, 5
7.61, 3
7.62, 4
7.63, 5
7.64, 5
7.65, 4
7.66, 5
7.67, 9
7.68, 8
7.69, 1
7.70, 8
7.71, 4
7.72, 4
7.73, 2
7.74, 8
7.75, 5
7.76, 7
7.77, 3
7.78, 4
7.79, 3
7.80, 4
7.81, 7
7.82, 2
7.83, 1
7.84, 6
7.85, 10
7.86, 3
7.87, 1
7.88, 2
7.89, 4
7.90, 3
7.91, 5
7.92, 4
7.93, 4
7.94, 2
7.95, 2
7.96, 1
7.97, 1
7.98, 5
7.99, 6
8.00, 3
8.01, 5
8.02, 2
8.03, 5
8.04, 5
8.05, 5
8.06, 8
8.07, 7
8.08, 6
8.09, 3
8.10, 2
8.11, 4
8.12, 3
8.13, 5
8.14, 3
8.15, 4
8.16, 4
8.17, 5
8.18, 9
8.19, 5
8.20, 5
8.21, 5
8.22, 3
8.23, 6
8.24, 4
8.25, 0
8.26, 2
8.27, 3
8.28, 5
8.29, 3
8.30, 7
8.31, 4
8.32, 3
8.33, 4
8.34, 3
8.35, 6
8.36, 1
8.37, 4
8.38, 7
8.39, 2
8.40, 2
8.41, 4
8.42, 0
8.43, 1
8.44, 7
8.45, 2
8.46, 0
8.47, 6
8.48, 2
8.49, 3
8.50, 1
8.51, 4
8.52, 6
8.53, 5
8.54, 2
8.55, 1
8.56, 5
8.57, 0
8.58, 3
8.59, 2
8.60, 3
8.61, 3
8.62, 6
8.63, 4
8.64, 2
8.65, 2
8.66, 2
8.67, 3
8.68, 3
8.69, 5
8.70, 2
8.71, 4
8.72, 2
8.73, 2
8.74, 4
8.75, 2
8.76, 2
8.77, 3
8.78, 3
8.79, 1
8.80, 3
8.81, 2
8.82, 1
8.83, 4
8.84, 2
8.85, 1
8.86, 4
8.87, 2
8.88, 1
8.89, 4
8.90, 3
8.91, 3
8.92, 2
8.93, 1
8.94, 4
8.95, 6
8.96, 2
8.97, 4
8.98, 2
8.99, 2
9.00, 2
9.01, 3
9.02, 2
9.03, 1
9.04, 3
9.05, 3
9.06, 4
9.07, 1
9.08, 4
9.09, 4
9.10, 5
9.11, 0
9.12, 2
9.13, 0
9.14, 4
9.15, 2
9.16, 5
9.17, 2
9.18, 3
9.19, 1
9.20, 3
9.21, 2
9.22, 3
9.23, 6
9.24, 4
9.25, 2
9.26, 4
9.27, 2
9.28, 4
9.29, 0
9.30, 2
9.31, 1
9.32, 1
9.33, 4
9.34, 3
9.35, 4
9.36, 3
9.37, 5
9.38, 2
9.39, 5
9.40, 1
9.41, 3
9.42, 5
9.43, 5
9.44, 3
9.45, 5
9.46, 4
9.47, 3
9.48, 3
9.49, 6
9.50, 1
9.51, 1
9.52, 3
9.53, 2
9.54, 3
9.55, 2
9.56, 0
9.57, 1
9.58, 9
9.59, 5
9.60, 2
9.61, 4
9.62, 2
9.63, 3
9.64, 3
9.65, 1
9.66, 2
9.67, 1
9.68, 3
9.69, 3
9.70, 2
9.71, 1
9.72, 3
9.73, 3
9.74, 3
9.75, 2
9.76, 2
9.77, 3
9.78, 1
9.79, 2
9.80, 1
9.81, 2
9.82, 2
9.83, 1
9.84, 2
9.85, 2
9.86, 1
9.87, 0
9.88, 1
9.89, 2
9.90, 4
9.91, 0
9.92, 2
9.93, 3
9.94, 3
9.95, 3
9.96, 5
9.97, 2
9.98, 2
9.99, 0
10.00, 4
10.01, 5
10.02, 4
10.03, 2
10.04, 3
10.05, 1
10.06, 1
10.07, 1
10.08, 3
10.09, 4
10.10, 2
10.11, 1
10.12, 1
10.13, 0
10.14, 1
10.15, 2
10.16, 3
10.17, 0
10.18, 3
10.19, 3
10.20, 2
10.21, 2
10.22, 0
10.23, 4
10.24, 1
10.25, 4
10.26, 1
10.27, 2
10.28, 1
10.29, 2
10.30, 3
10.31, 0
10.32, 1
10.33, 3
10.34, 2
10.35, 4
10.36, 1
10.37, 2
10.38, 1
10.39, 2
10.40, 4
10.41, 3
10.42, 3
10.43, 2
10.44, 5
10.45, 6
10.46, 1
10.47, 1
10.48, 1
10.49, 2
10.50, 3
10.51, 5
10.52, 2
10.53, 9
10.54, 7
10.55, 3
10.56, 2
10.57, 6
10.58, 4
10.59, 4
10.60, 1
10.61, 3
10.62, 0
10.63, 2
10.64, 4
10.65, 2
10.66, 2
10.67, 3
10.68, 3
10.69, 0
10.70, 2
10.71, 1
10.72, 3
10.73, 2
10.74, 0
10.75, 4
10.76, 4
10.77, 1
10.78, 2
10.79, 1
10.80, 2
10.81, 1
10.82, 3
10.83, 3
10.84, 1
10.85, 1
10.86, 1
10.87, 0
10.88, 1
10.89, 5
10.90, 1
10.91, 2
10.92, 3
10.93, 1
10.94, 1
10.95, 0
10.96, 1
10.97, 4
10.98, 2
10.99, 2
11.00, 2
11.01, 2
11.02, 2
11.03, 2
11.04, 1
11.05, 6
11.06, 1
11.07, 0
11.08, 1
11.09, 2
11.10, 1
11.11, 1
11.12, 2
11.13, 2
11.14, 1
11.15, 1
11.16, 3
11.17, 1
11.18, 3
11.19, 2
11.20, 1
11.21, 1
11.22, 1
11.23, 3
11.24, 0
11.25, 1
11.26, 2
11.27, 0
11.28, 4
11.29, 1
11.30, 3
11.31, 1
11.32, 1
11.33, 1
11.34, 1
11.35, 1
11.36, 1
11.37, 2
11.38, 3
11.39, 1
11.40, 1
11.41, 0
11.42, 0
11.43, 1
11.44, 3
11.45, 3
11.46, 0
11.47, 2
11.48, 1
11.49, 0
11.50, 1
11.51, 2
11.52, 0
11.53, 0
11.54, 1
11.55, 1
11.56, 2
11.57, 1
11.58, 0
11.59, 3
11.60, 3
11.61, 2
11.62, 0
11.63, 1
11.64, 4
11.65, 1
11.66, 2
11.67, 3
11.68, 3
11.69, 0
11.70, 0
11.71, 0
11.72, 2
11.73, 2
11.74, 2
11.75, 1
11.76, 0
11.77, 2
11.78, 1
11.79, 5
11.80, 4
11.81, 1
11.82, 2
11.83, 2
11.84, 0
11.85, 0
11.86, 0
11.87, 1
11.88, 3
11.89, 2
11.90, 1
11.91, 0
11.92, 1
11.93, 3
11.94, 1
11.95, 1
11.96, 2
11.97, 3
11.98, 1
11.99, 0
12.00, 5
12.01, 1
12.02, 4
12.03, 1
12.04, 0
12.05, 1
12.06, 2
12.07, 0
12.08, 0
12.09, 1
12.10, 2
12.11, 1
12.12, 1
12.13, 0
12.14, 2
12.15, 1
12.16, 0
12.17, 4
12.18, 0
12.19, 0
12.20, 0
12.21, 0
12.22, 2
12.23, 2
12.24, 2
12.25, 1
12.26, 0
12.27, 1
12.28, 2
12.29, 2
12.30, 0
12.31, 1
12.32, 1
12.33, 0
12.34, 1
12.35, 2
12.36, 0
12.37, 0
12.38, 1
12.39, 2
12.40, 1
12.41, 1
12.42, 2
12.43, 0
12.44, 0
12.45, 0
12.46, 2
12.47, 1
12.48, 1
12.49, 0
12.50, 0
12.51, 1
12.52, 0
12.53, 1
12.54, 0
12.55, 0
12.56, 0
12.57, 3
12.58, 0
12.59, 1
12.60, 1
12.61, 0
12.62, 2
12.63, 0
12.64, 0
12.65, 1
12.66, 0
12.67, 1
12.68, 0
12.69, 2
12.70, 0
12.71, 0
12.72, 1
12.73, 1
12.74, 2
12.75, 1
12.76, 0
12.77, 1
12.78, 0
12.79, 2
12.80, 0
12.81, 2
12.82, 2
12.83, 1
12.84, 0
12.85, 1
12.86, 0
12.87, 2
12.88, 0
12.89, 0
12.90, 0
12.91, 2
12.92, 0
12.93, 1
12.94, 0
12.95, 0
12.96, 0
12.97, 1
12.98, 2
12.99, 2
13.00, 0
13.01, 0
13.02, 1
13.03, 0
13.04, 3
13.05, 1
13.06, 0
13.07, 0
13.08, 2
13.09, 2
13.10, 2
13.11, 0
13.12, 1
13.13, 1
13.14, 2
13.15, 0
13.16, 2
13.17, 1
13.18, 1
13.19, 1
13.20, 0
13.21, 1
13.22, 0
13.23, 1
13.24, 0
13.25, 2
13.26, 0
13.27, 1
13.28, 0
13.29, 1
13.30, 2
13.31, 1
13.32, 1
13.33, 0
13.34, 1
13.35, 0
13.36, 0
13.37, 2
13.38, 0
13.39, 0
13.40, 0
13.41, 0
13.42, 0
13.43, 0
13.44, 1
13.45, 0
13.46, 0
13.47, 1
13.48, 0
13.49, 0
13.50, 0
13.51, 1
13.52, 2
13.53, 1
13.54, 1
13.55, 1
13.56, 3
13.57, 2
13.58, 0
13.59, 1
13.60, 1
13.61, 0
13.62, 2
13.63, 1
13.64, 0
13.65, 2
13.66, 0
13.67, 2
13.68, 0
13.69, 0
13.70, 0
13.71, 0
13.72, 0
13.73, 1
13.74, 1
13.75, 0
13.76, 0
13.77, 0
13.78, 1
13.79, 1
13.80, 1
13.81, 0
13.82, 0
13.83, 0
13.84, 2
13.85, 0
13.86, 2
13.87, 1
13.88, 1
13.89, 1
13.90, 2
13.91, 1
13.92, 0
13.93, 0
13.94, 1
13.95, 0
13.96, 0
13.97, 0
13.98, 0
13.99, 1
14.00, 0
14.01, 1
14.02, 2
14.03, 2
14.04, 0
14.05, 2
14.06, 1
14.07, 0
14.08, 1
14.09, 1
14.10, 0
14.11, 0
14.12, 0
14.13, 0
14.14, 0
14.15, 0
14.16, 1
14.17, 0
14.18, 1
14.19, 1
14.20, 1
14.21, 0
14.22, 0
14.23, 3
14.24, 0
14.25, 2
14.26, 1
14.27, 0
14.28, 0
14.29, 0
14.30, 1
14.31, 0
14.32, 1
14.33, 2
14.34, 0
14.35, 0
14.36, 1
14.37, 0
14.38, 1
14.39, 0
14.40, 0
14.41, 1
14.42, 1
14.43, 0
14.44, 0
14.45, 0
14.46, 0
14.47, 0
14.48, 0
14.49, 2
14.50, 1
14.51, 0
14.52, 0
14.53, 0
14.54, 1
14.55, 1
14.56, 0
14.57, 0
14.58, 0
14.59, 0
14.60, 0
14.61, 1
14.62, 0
14.63, 1
14.64, 0
14.65, 0
14.66, 0
14.67, 1
14.68, 0
14.69, 2
14.70, 0
14.71, 1
14.72, 0
14.73, 0
14.74, 1
14.75, 1
14.76, 0
14.77, 0
14.78, 0
14.79, 1
14.80, 2
14.81, 0
14.82, 0
14.83, 0
14.84, 0
14.85, 1
14.86, 0
14.87, 1
14.88, 0
14.89, 1
14.90, 0
14.91, 0
14.92, 0
14.93, 1
14.94, 0
14.95, 1
14.96, 1
14.97, 1
14.98, 0
14.99, 0
15.00, 2
15.01, 0
15.02, 2
15.03, 0
15.04, 3
15.05, 0
15.06, 2
15.07, 0
15.08, 0
15.09, 0
15.10, 1
15.11, 0
15.12, 0
15.13, 1
15.14, 0
15.15, 0
15.16, 1
15.17, 0
15.18, 0
15.19, 0
15.20, 0
15.21, 1
15.22, 1
15.23, 0
15.24, 0
15.25, 1
15.26, 0
15.27, 0
15.28, 0
15.29, 1
15.30, 0
15.31, 1
15.32, 0
15.33, 0
15.34, 0
15.35, 1
15.36, 0
15.37, 0
15.38, 0
15.39, 1
15.40, 3
15.41, 0
15.42, 0
15.43, 0
15.44, 0
15.45, 0
15.46, 2
15.47, 0
15.48, 0
15.49, 0
15.50, 0
15.51, 0
15.52, 0
15.53, 0
15.54, 0
15.55, 0
15.56, 1
15.57, 0
15.58, 1
15.59, 1
15.60, 0
15.61, 1
15.62, 0
15.63, 0
15.64, 1
15.65, 0
15.66, 0
15.67, 2
15.68, 1
15.69, 1
15.70, 0
15.71, 0
15.72, 1
15.73, 0
15.74, 0
15.75, 0
15.76, 0
15.77, 1
15.78, 0
15.79, 1
15.80, 0
15.81, 2
15.82, 0
15.83, 2
15.84, 0
15.85, 0
15.86, 0
15.87, 0
15.88, 0
15.89, 1
15.90, 0
15.91, 0
15.92, 0
15.93, 0
15.94, 1
15.95, 0
15.96, 0
15.97, 0
15.98, 1
15.99, 0
16.00, 0
16.01, 0
16.02, 0
16.03, 2
16.04, 0
16.05, 0
16.06, 0
16.07, 1
16.08, 0
16.09, 1
16.10, 0
16.11, 1
16.12, 0
16.13, 0
16.14, 0
16.15, 0
16.16, 0
16.17, 1
16.18, 1
16.19, 0
16.20, 0
16.21, 0
16.22, 0
16.23, 1
16.24, 1
16.25, 0
16.26, 0
16.27, 0
16.28, 0
16.29, 0
16.30, 1
16.31, 1
16.32, 1
16.33, 0
16.34, 0
16.35, 1
16.36, 1
16.37, 0
16.38, 0
16.39, 0
16.40, 1
16.41, 0
16.42, 0
16.43, 2
16.44, 0
16.45, 0
16.46, 0
16.47, 0
16.48, 0
16.49, 0
16.50, 0
16.51, 0
16.52, 0
16.53, 0
16.54, 0
16.55, 2
16.56, 0
16.57, 0
16.58, 1
16.59, 0
16.60, 0
16.61, 0
16.62, 0
16.63, 1
16.64, 1
16.65, 0
16.66, 0
16.67, 1
16.68, 1
16.69, 1
16.70, 0
16.71, 0
16.72, 0
16.73, 0
16.74, 1
16.75, 0
16.76, 0
16.77, 1
16.78, 0
16.79, 0
16.80, 0
16.81, 0
16.82, 0
16.83, 0
16.84, 0
16.85, 0
16.86, 0
16.87, 1
16.88, 0
16.89, 0
16.90, 0
16.91, 0
16.92, 0
16.93, 0
16.94, 0
16.95, 0
16.96, 0
16.97, 0
16.98, 0
16.99, 0
17.00, 0
17.01, 0
17.02, 0
17.03, 0
17.04, 0
17.05, 0
17.06, 1
17.07, 0
17.08, 0
17.09, 0
17.10, 1
17.11, 0
17.12, 1
17.13, 0
17.14, 0
17.15, 0
17.16, 0
17.17, 0
17.18, 0
17.19, 0
17.20, 0
17.21, 1
17.22, 0
17.23, 0
17.24, 1
17.25, 0
17.26, 0
17.27, 0
17.28, 1
17.29, 0
17.30, 0
17.31, 0
17.32, 0
17.33, 0
17.34, 0
17.35, 0
17.36, 0
17.37, 0
17.38, 0
17.39, 0
17.40, 0
17.41, 0
17.42, 0
17.43, 0
17.44, 0
17.45, 0
17.46, 0
17.47, 0
17.48, 0
17.49, 0
17.50, 0
17.51, 0
17.52, 0
17.53, 1
17.54, 0
17.55, 1
17.56, 0
17.57, 0
17.58, 0
17.59, 0
17.60, 1
17.61, 0
17.62, 1
17.63, 0
17.64, 0
17.65, 0
17.66, 0
17.67, 0
17.68, 0
17.69, 0
17.70, 0
17.71, 0
17.72, 0
17.73, 0
17.74, 1
17.75, 0
17.76, 0
17.77, 1
17.78, 0
17.79, 0
17.80, 0
17.81, 1
17.82, 0
17.83, 2
17.84, 0
17.85, 0
17.86, 1
17.87, 0
17.88, 0
17.89, 0
17.90, 0
17.91, 0
17.92, 1
17.93, 0
17.94, 0
17.95, 0
17.96, 0
17.97, 0
17.98, 0
17.99, 0
18.00, 0
18.01, 0
18.02, 0
18.03, 0
18.04, 1
18.05, 0
18.06, 0
18.07, 0
18.08, 0
18.09, 0
18.10, 0
18.11, 0
18.12, 0
18.13, 0
18.14, 0
18.15, 0
18.16, 0
18.17, 1
18.18, 0
18.19, 0
18.20, 0
18.21, 0
18.22, 0
18.23, 0
18.24, 0
18.25, 0
18.26, 0
18.27, 0
18.28, 0
18.29, 1
18.30, 0
18.31, 0
18.32, 0
18.33, 2
18.34, 0
18.35, 0
18.36, 0
18.37, 0
18.38, 0
18.39, 0
18.40, 0
18.41, 0
18.42, 0
18.43, 0
18.44, 1
18.45, 0
18.46, 0
18.47, 0
18.48, 0
18.49, 0
18.50, 0
18.51, 0
18.52, 0
18.53, 0
18.54, 0
18.55, 1
18.56, 0
18.57, 0
18.58, 0
18.59, 0
18.60, 0
18.61, 0
18.62, 0
18.63, 0
18.64, 0
18.65, 1
18.66, 0
18.67, 0
18.68, 0
18.69, 0
18.70, 0
18.71, 0
18.72, 0
18.73, 0
18.74, 0
18.75, 1
18.76, 0
18.77, 0
18.78, 0
18.79, 0
18.80, 0
18.81, 0
18.82, 0
18.83, 0
18.84, 0
18.85, 0
18.86, 0
18.87, 0
18.88, 0
18.89, 0
18.90, 0
18.91, 0
18.92, 0
18.93, 0
18.94, 0
18.95, 0
18.96, 0
18.97, 0
18.98, 0
18.99, 0
19.00, 0
19.01, 0
19.02, 0
19.03, 0
19.04, 0
19.05, 0
19.06, 0
19.07, 0
19.08, 0
19.09, 0
19.10, 0
19.11, 0
19.12, 0
19.13, 0
19.14, 0
19.15, 0
19.16, 0
19.17, 0
19.18, 0
19.19, 0
19.20, 0
19.21, 0
19.22, 0
19.23, 0
19.24, 0
19.25, 0
19.26, 0
19.27, 0
19.28, 0
19.29, 0
19.30, 0
19.31, 0
19.32, 0
19.33, 0
19.34, 0
19.35, 0
19.36, 0
19.37, 0
19.38, 0
19.39, 0
19.40, 0
19.41, 0
19.42, 0
19.43, 0
19.44, 0
19.45, 0
19.46, 0
19.47, 0
19.48, 0
19.49, 0
19.50, 0
19.51, 0
19.52, 0
19.53, 0
19.54, 0
19.55, 0
19.56, 0
19.57, 0
19.58, 0
19.59, 0
19.60, 0
19.61, 0
19.62, 0
19.63, 0
19.64, 0
19.65, 0
19.66, 0
19.67, 0
19.68, 0
19.69, 0
19.70, 0
19.71, 0
19.72, 0
19.73, 0
19.74, 0
19.75, 0
19.76, 0
19.77, 0
19.78, 0
19.79, 0
19.80, 0
19.81, 0
19.82, 0
19.83, 0
19.84, 0
19.85, 0
19.86, 0
19.87, 0
19.88, 0
19.89, 0
19.90, 0
19.91, 0
19.92, 0
19.93, 0
19.94, 0
19.95, 0
19.96, 0
19.97, 0
19.98, 0
19.99, 0
20.00, 0
20.01, 0
20.02, 0
20.03, 0
20.04, 0
20.05, 0
20.06, 0
20.07, 0
20.08, 0
20.09, 0
20.10, 0
20.11, 0
20.12, 0
20.13, 0
20.14, 0
20.15, 0
20.16, 0
20.17, 0
20.18, 0
20.19, 0
20.20, 0
20.21, 0
20.22, 0
20.23, 0
20.24, 0
20.25, 0
20.26, 0
20.27, 0
20.28, 0
20.29, 0
20.30, 0
20.31, 0
20.32, 0
20.33, 0
20.34, 0
20.35, 0
20.36, 0
20.37, 0
20.38, 0
20.39, 0
20.40, 0
20.41, 0
20.42, 0
20.43, 0
20.44, 0
20.45, 0
20.46, 0
20.47, 0
