0.00, 0
0.01, 0
0.02, 0
0.03, 0
0.04, 0
0.05, 0
0.06, 0
0.07, 39
0.08, 13
0.09, 8
0.10, 4
0.11, 19
0.12, 8
0.13, 9
0.14, 19
0.15, 18
0.16, 35
0.17, 18
0.18, 20
0.19, 18
0.20, 24
0.21, 36
0.22, 42
0.23, 89
0.24, 155
0.25, 268
0.26, 404
0.27, 584
0.28, 633
0.29, 508
0.30, 410
0.31, 223
0.32, 142
0.33, 39
0.34, 19
0.35, 22
0.36, 17
0.37, 28
0.38, 17
0.39, 26
0.40, 31
0.41, 28
0.42, 19
0.43, 23
0.44, 24
0.45, 31
0.46, 46
0.47, 52
0.48, 94
0.49, 146
0.50, 278
0.51, 379
0.52, 518
0.53, 550
0.54, 498
0.55, 427
0.56, 245
0.57, 181
0.58, 89
0.59, 68
0.60, 39
0.61, 35
0.62, 26
0.63, 29
0.64, 20
0.65, 17
0.66, 19
0.67, 19
0.68, 26
0.69, 24
0.70, 21
0.71, 18
0.72, 16
0.73, 24
0.74, 26
0.75, 25
0.76, 21
0.77, 37
0.78, 38
0.79, 32
0.80, 28
0.81, 37
0.82, 23
0.83, 25
0.84, 25
0.85, 28
0.86, 28
0.87, 36
0.88, 17
0.89, 25
0.90, 31
0.91, 23
0.92, 30
0.93, 24
0.94, 18
0.95, 23
0.96, 38
0.97, 38
0.98, 37
0.99, 43
1.00, 42
1.01, 35
1.02, 30
1.03, 31
1.04, 32
1.05, 28
1.06, 23
1.07, 23
1.08, 32
1.09, 32
1.10, 44
1.11, 33
1.12, 29
1.13, 33
1.14, 26
1.15, 26
1.16, 35
1.17, 35
1.18, 30
1.19, 19
1.20, 34
1.21, 31
1.22, 32
1.23, 31
1.24, 31
1.25, 35
1.26, 38
1.27, 30
1.28, 46
1.29, 29
1.30, 46
1.31, 39
1.32, 38
1.33, 31
1.34, 24
1.35, 36
1.36, 34
1.37, 35
1.38, 38
1.39, 31
1.40, 43
1.41, 37
1.42, 37
1.43, 33
1.44, 41
1.45, 44
1.46, 41
1.47, 50
1.48, 49
1.49, 55
1.50, 50
1.51, 58
1.52, 59
1.53, 41
1.54, 42
1.55, 64
1.56, 37
1.57, 36
1.58, 40
1.59, 37
1.60, 34
1.61, 32
1.62, 32
1.63, 26
1.64, 33
1.65, 35
1.66, 56
1.67, 36
1.68, 40
1.69, 39
1.70, 40
1.71, 39
1.72, 58
1.73, 57
1.74, 33
1.75, 49
1.76, 41
1.77, 33
1.78, 39
1.79, 42
1.80, 44
1.81, 41
1.82, 55
1.83, 39
1.84, 40
1.85, 45
1.86, 36
1.87, 44
1.88, 33
1.89, 30
1.90, 35
1.91, 45
1.92, 48
1.93, 32
1.94, 35
1.95, 47
1.96, 39
1.97, 53
1.98, 42
1.99, 52
2.00, 35
2.01, 42
2.02, 42
2.03, 32
2.04, 48
2.05, 33
2.06, 46
2.07, 35
2.08, 36
2.09, 31
2.10, 48
2.11, 46
2.12, 44
2.13, 47
2.14, 49
2.15, 78
2.16, 78
2.17, 80
2.18, 79
2.19, 146
2.20, 122
2.21, 164
2.22, 153
2.23, 148
2.24, 134
2.25, 154
2.26, 147
2.27, 181
2.28, 210
2.29, 226
2.30, 283
2.31, 266
2.32, 259
2.33, 261
2.34, 218
2.35, 189
2.36, 154
2.37, 127
2.38, 75
2.39, 62
2.40, 72
2.41, 48
2.42, 55
2.43, 33
2.44, 40
2.45, 49
2.46, 48
2.47, 57
2.48, 49
2.49, 44
2.50, 40
2.51, 29
2.52, 45
2.53, 32
2.54, 35
2.55, 27
2.56, 30
2.57, 44
2.58, 38
2.59, 34
2.60, 36
2.61, 40
2.62, 45
2.63, 63
2.64, 56
2.65, 57
2.66, 34
2.67, 33
2.68, 43
2.69, 38
2.70, 22
2.71, 29
2.72, 31
2.73, 31
2.74, 24
2.75, 39
2.76, 32
2.77, 29
2.78, 23
2.79, 28
2.80, 18
2.81, 24
2.82, 23
2.83, 20
2.84, 28
2.85, 22
2.86, 28
2.87, 42
2.88, 30
2.89, 34
2.90, 28
2.91, 25
2.92, 35
2.93, 33
2.94, 25
2.95, 28
2.96, 27
2.97, 20
2.98, 23
2.99, 25
3.00, 25
3.01, 27
3.02, 28
3.03, 25
3.04, 20
3.05, 24
3.06, 16
3.07, 28
3.08, 19
3.09, 25
3.10, 19
3.11, 26
3.12, 21
3.13, 31
3.14, 26
3.15, 27
3.16, 23
3.17, 27
3.18, 30
3.19, 14
3.20, 19
3.21, 34
3.22, 24
3.23, 26
3.24, 23
3.25, 18
3.26, 20
3.27, 20
3.28, 26
3.29, 26
3.30, 29
3.31, 30
3.32, 22
3.33, 19
3.34, 30
3.35, 25
3.36, 28
3.37, 28
3.38, 23
3.39, 25
3.40, 19
3.41, 27
3.42, 29
3.43, 25
3.44, 21
3.45, 26
3.46, 27
3.47, 11
3.48, 21
3.49, 27
3.50, 28
3.51, 21
3.52, 26
3.53, 26
3.54, 15
3.55, 22
3.56, 38
3.57, 36
3.58, 58
3.59, 58
3.60, 69
3.61, 106
3.62, 145
3.63, 203
3.64, 313
3.65, 417
3.66, 523
3.67, 588
3.68, 723
3.69, 840
3.70, 817
3.71, 752
3.72, 742
3.73, 674
3.74, 590
3.75, 443
3.76, 341
3.77, 255
3.78, 189
3.79, 131
3.80, 97
3.81, 39
3.82, 48
3.83, 29
3.84, 39
3.85, 30
3.86, 17
3.87, 15
3.88, 18
3.89, 27
3.90, 24
3.91, 30
3.92, 33
3.93, 35
3.94, 42
3.95, 43
3.96, 53
3.97, 63
3.98, 81
3.99, 102
4.00, 109
4.01, 105
4.02, 115
4.03, 123
4.04, 98
4.05, 108
4.06, 86
4.07, 69
4.08, 58
4.09, 58
4.10, 48
4.11, 33
4.12, 25
4.13, 33
4.14, 20
4.15, 19
4.16, 19
4.17, 22
4.18, 25
4.19, 23
4.20, 19
4.21, 12
4.22, 11
4.23, 12
4.24, 16
4.25, 17
4.26, 17
4.27, 16
4.28, 15
4.29, 19
4.30, 15
4.31, 15
4.32, 19
4.33, 18
4.34, 19
4.35, 15
4.36, 17
4.37, 26
4.38, 25
4.39, 25
4.40, 34
4.41, 32
4.42, 45
4.43, 66
4.44, 81
4.45, 79
4.46, 75
4.47, 69
4.48, 85
4.49, 91
4.50, 88
4.51, 71
4.52, 70
4.53, 54
4.54, 62
4.55, 32
4.56, 41
4.57, 24
4.58, 23
4.59, 23
4.60, 25
4.61, 17
4.62, 17
4.63, 21
4.64, 13
4.65, 7
4.66, 11
4.67, 9
4.68, 23
4.69, 14
4.70, 16
4.71, 20
4.72, 16
4.73, 18
4.74, 14
4.75, 12
4.76, 20
4.77, 19
4.78, 25
4.79, 40
4.80, 35
4.81, 33
4.82, 38
4.83, 50
4.84, 43
4.85, 37
4.86, 45
4.87, 41
4.88, 46
4.89, 30
4.90, 26
4.91, 36
4.92, 25
4.93, 33
4.94, 19
4.95, 17
4.96, 18
4.97, 19
4.98, 29
4.99, 21
5.00, 26
5.01, 16
5.02, 12
5.03, 16
5.04, 18
5.05, 20
5.06, 12
5.07, 13
5.08, 15
5.09, 15
5.10, 17
5.11, 25
5.12, 23
5.13, 15
5.14, 17
5.15, 21
5.16, 27
5.17, 22
5.18, 20
5.19, 20
5.20, 26
5.21, 24
5.22, 26
5.23, 21
5.24, 16
5.25, 14
5.26, 22
5.27, 14
5.28, 16
5.29, 15
5.30, 14
5.31, 13
5.32, 20
5.33, 18
5.34, 12
5.35, 12
5.36, 18
5.37, 11
5.38, 10
5.39, 6
5.40, 13
5.41, 12
5.42, 14
5.43, 13
5.44, 12
5.45, 14
5.46, 8
5.47, 16
5.48, 17
5.49, 14
5.50, 18
5.51, 11
5.52, 15
5.53, 15
5.54, 19
5.55, 18
5.56, 13
5.57, 13
5.58, 10
5.59, 10
5.60, 20
5.61, 8
5.62, 15
5.63, 10
5.64, 11
5.65, 13
5.66, 14
5.67, 14
5.68, 9
5.69, 17
5.70, 17
5.71, 11
5.72, 12
5.73, 12
5.74, 12
5.75, 7
5.76, 9
5.77, 19
5.78, 9
5.79, 15
5.80, 10
5.81, 18
5.82, 16
5.83, 17
5.84, 12
5.85, 15
5.86, 7
5.87, 16
5.88, 11
5.89, 12
5.90, 13
5.91, 10
5.92, 7
5.93, 12
5.94, 15
5.95, 14
5.96, 13
5.97, 8
5.98, 13
5.99, 14
6.00, 14
6.01, 5
6.02, 10
6.03, 11
6.04, 9
6.05, 10
6.06, 10
6.07, 7
6.08, 7
6.09, 9
6.10, 7
6.11, 6
6.12, 7
6.13, 13
6.14, 9
6.15, 19
6.16, 12
6.17, 14
6.18, 11
6.19, 9
6.20, 10
6.21, 15
6.22, 13
6.23, 11
6.24, 6
6.25, 6
6.26, 6
6.27, 15
6.28, 6
6.29, 11
6.30, 6
6.31, 11
6.32, 11
6.33, 11
6.34, 15
6.35, 14
6.36, 9
6.37, 12
6.38, 5
6.39, 10
6.40, 19
6.41, 13
6.42, 13
6.43, 10
6.44, 19
6.45, 9
6.46, 14
6.47, 9
6.48, 9
6.49, 13
6.50, 20
6.51, 9
6.52, 16
6.53, 12
6.54, 11
6.55, 9
6.56, 9
6.57, 4
6.58, 9
6.59, 8
6.60, 6
6.61, 3
6.62, 14
6.63, 8
6.64, 12
6.65, 6
6.66, 12
6.67, 10
6.68, 9
6.69, 10
6.70, 8
6.71, 8
6.72, 4
6.73, 6
6.74, 9
6.75, 13
6.76, 7
6.77, 11
6.78, 8
6.79, 10
6.80, 8
6.81, 6
6.82, 10
6.83, 9
6.84, 8
6.85, 13
6.86, 7
6.87, 9
6.88, 6
6.89, 5
6.90, 12
6.91, 11
6.92, 11
6.93, 7
6.94, 7
6.95, 3
6.96, 6
6.97, 10
6.98, 14
6.99, 10
7.00, 8
7.01, 7
7.02, 6
7.03, 14
7.04, 9
7.05, 10
7.06, 8
7.07, 14
7.08, 6
7.09, 12
7.10, 9
7.11, 13
7.12, 10
7.13, 11
7.14, 7
7.15, 7
7.16, 9
7.17, 14
7.18, 9
7.19, 11
7.20, 8
7.21, 4
7.22, 11
7.23, 6
7.24, 12
7.25, 5
7.26, 4
7.27, 11
7.28, 8
7.29, 14
7.30, 8
7.31, 6
7.32, 8
7.33, 9
7.34, 4
7.35, 11
7.36, 10
7.37, 9
7.38, 7
7.39, 6
7.40, 8
7.41, 7
7.42, 6
7.43, 8
7.44, 7
7.45, 9
7.46, 6
7.47, 10
7.48, 11
7.49, 8
7.50, 9
7.51, 7
7.52, 14
7.53, 9
7.54, 7
7.55, 9
7.56, 9
7.57, 9
7.58, 10
7.59, 10
7.60, 7
7.61, 5
7.62, 7
7.63, 9
7.64, 12
7.65, 13
7.66, 5
7.67, 10
7.68, 7
7.69, 9
7.70, 7
7.71, 5
7.72, 7
7.73, 10
7.74, 6
7.75, 9
7.76, 4
7.77, 16
7.78, 7
7.79, 8
7.80, 10
7.81, 7
7.82, 6
7.83, 9
7.84, 9
7.85, 4
7.86, 5
7.87, 3
7.88, 6
7.89, 8
7.90, 9
7.91, 10
7.92, 10
7.93, 12
7.94, 7
7.95, 4
7.96, 10
7.97, 8
7.98, 3
7.99, 5
8.00, 8
8.01, 7
8.02, 10
8.03, 4
8.04, 9
8.05, 6
8.06, 8
8.07, 7
8.08, 7
8.09, 7
8.10, 9
8.11, 9
8.12, 6
8.13, 12
8.14, 9
8.15, 9
8.16, 7
8.17, 10
8.18, 6
8.19, 12
8.20, 7
8.21, 16
8.22, 8
8.23, 4
8.24, 10
8.25, 12
8.26, 6
8.27, 10
8.28, 9
8.29, 8
8.30, 7
8.31, 7
8.32, 8
8.33, 5
8.34, 6
8.35, 8
8.36, 8
8.37, 2
8.38, 9
8.39, 9
8.40, 11
8.41, 7
8.42, 10
8.43, 5
8.44, 4
8.45, 6
8.46, 6
8.47, 7
8.48, 6
8.49, 9
8.50, 7
8.51, 5
8.52, 12
8.53, 9
8.54, 10
8.55, 8
8.56, 11
8.57, 6
8.58, 7
8.59, 4
8.60, 4
8.61, 5
8.62, 5
8.63, 7
8.64, 6
8.65, 8
8.66, 4
8.67, 6
8.68, 8
8.69, 5
8.70, 8
8.71, 6
8.72, 2
8.73, 5
8.74, 8
8.75, 7
8.76, 5
8.77, 7
8.78, 11
8.79, 3
8.80, 6
8.81, 5
8.82, 5
8.83, 3
8.84, 10
8.85, 2
8.86, 4
8.87, 6
8.88, 8
8.89, 11
8.90, 9
8.91, 6
8.92, 5
8.93, 4
8.94, 9
8.95, 4
8.96, 5
8.97, 4
8.98, 10
8.99, 7
9.00, 2
9.01, 5
9.02, 6
9.03, 6
9.04, 8
9.05, 6
9.06, 4
9.07, 8
9.08, 5
9.09, 8
9.10, 6
9.11, 3
9.12, 1
9.13, 4
9.14, 10
9.15, 4
9.16, 8
9.17, 7
9.18, 4
9.19, 5
9.20, 8
9.21, 9
9.22, 4
9.23, 5
9.24, 5
9.25, 3
9.26, 4
9.27, 1
9.28, 5
9.29, 6
9.30, 5
9.31, 5
9.32, 6
9.33, 4
9.34, 7
9.35, 5
9.36, 5
9.37, 5
9.38, 5
9.39, 6
9.40, 5
9.41, 3
9.42, 7
9.43, 4
9.44, 5
9.45, 8
9.46, 1
9.47, 4
9.48, 4
9.49, 7
9.50, 5
9.51, 9
9.52, 6
9.53, 5
9.54, 7
9.55, 10
9.56, 8
9.57, 6
9.58, 9
9.59, 7
9.60, 7
9.61, 6
9.62, 4
9.63, 3
9.64, 1
9.65, 5
9.66, 8
9.67, 6
9.68, 4
9.69, 4
9.70, 1
9.71, 4
9.72, 4
9.73, 4
9.74, 3
9.75, 1
9.76, 8
9.77, 2
9.78, 5
9.79, 6
9.80, 4
9.81, 6
9.82, 5
9.83, 6
9.84, 3
9.85, 7
9.86, 5
9.87, 5
9.88, 7
9.89, 8
9.90, 8
9.91, 11
9.92, 4
9.93, 8
9.94, 10
9.95, 9
9.96, 10
9.97, 7
9.98, 11
9.99, 10
10.00, 11
10.01, 14
10.02, 5
10.03, 11
10.04, 9
10.05, 10
10.06, 7
10.07, 6
10.08, 6
10.09, 3
10.10, 10
10.11, 4
10.12, 4
10.13, 5
10.14, 7
10.15, 2
10.16, 7
10.17, 6
10.18, 3
10.19, 7
10.20, 8
10.21, 5
10.22, 8
10.23, 6
10.24, 5
10.25, 5
10.26, 4
10.27, 5
10.28, 6
10.29, 8
10.30, 6
10.31, 6
10.32, 8
10.33, 4
10.34, 5
10.35, 4
10.36, 7
10.37, 4
10.38, 5
10.39, 6
10.40, 5
10.41, 3
10.42, 2
10.43, 4
10.44, 7
10.45, 3
10.46, 4
10.47, 4
10.48, 4
10.49, 4
10.50, 5
10.51, 4
10.52, 8
10.53, 6
10.54, 3
10.55, 3
10.56, 7
10.57, 3
10.58, 2
10.59, 9
10.60, 10
10.61, 2
10.62, 4
10.63, 6
10.64, 4
10.65, 2
10.66, 3
10.67, 4
10.68, 5
10.69, 8
10.70, 7
10.71, 6
10.72, 2
10.73, 7
10.74, 4
10.75, 3
10.76, 8
10.77, 1
10.78, 1
10.79, 1
10.80, 5
10.81, 1
10.82, 4
10.83, 3
10.84, 4
10.85, 3
10.86, 3
10.87, 9
10.88, 2
10.89, 6
10.90, 2
10.91, 2
10.92, 12
10.93, 6
10.94, 1
10.95, 4
10.96, 6
10.97, 2
10.98, 2
10.99, 7
11.00, 7
11.01, 6
11.02, 4
11.03, 2
11.04, 3
11.05, 3
11.06, 3
11.07, 4
11.08, 4
11.09, 3
11.10, 5
11.11, 2
11.12, 7
11.13, 6
11.14, 1
11.15, 7
11.16, 7
11.17, 1
11.18, 4
11.19, 4
11.20, 5
11.21, 2
11.22, 4
11.23, 3
11.24, 4
11.25, 7
11.26, 3
11.27, 5
11.28, 4
11.29, 2
11.30, 2
11.31, 4
11.32, 3
11.33, 2
11.34, 4
11.35, 3
11.36, 6
11.37, 3
11.38, 3
11.39, 2
11.40, 4
11.41, 3
11.42, 4
11.43, 2
11.44, 4
11.45, 7
11.46, 9
11.47, 3
11.48, 7
11.49, 6
11.50, 4
11.51, 2
11.52, 1
11.53, 3
11.54, 0
11.55, 7
11.56, 5
11.57, 5
11.58, 5
11.59, 4
11.60, 2
11.61, 4
11.62, 5
11.63, 6
11.64, 2
11.65, 3
11.66, 2
11.67, 4
11.68, 3
11.69, 6
11.70, 5
11.71, 5
11.72, 1
11.73, 4
11.74, 5
11.75, 3
11.76, 6
11.77, 8
11.78, 4
11.79, 1
11.80, 5
11.81, 7
11.82, 4
11.83, 7
11.84, 5
11.85, 2
11.86, 9
11.87, 7
11.88, 8
11.89, 5
11.90, 9
11.91, 6
11.92, 2
11.93, 5
11.94, 6
11.95, 7
11.96, 4
11.97, 5
11.98, 3
11.99, 8
12.00, 4
12.01, 6
12.02, 3
12.03, 2
12.04, 2
12.05, 4
12.06, 5
12.07, 4
12.08, 2
12.09, 2
12.10, 4
12.11, 1
12.12, 5
12.13, 4
12.14, 3
12.15, 4
12.16, 3
12.17, 2
12.18, 3
12.19, 2
12.20, 4
12.21, 5
12.22, 4
12.23, 4
12.24, 4
12.25, 7
12.26, 5
12.27, 0
12.28, 2
12.29, 2
12.30, 0
12.31, 2
12.32, 4
12.33, 4
12.34, 2
12.35, 2
12.36, 5
12.37, 3
12.38, 2
12.39, 2
12.40, 1
12.41, 3
12.42, 4
12.43, 6
12.44, 3
12.45, 2
12.46, 3
12.47, 1
12.48, 3
12.49, 5
12.50, 5
12.51, 4
12.52, 3
12.53, 4
12.54, 2
12.55, 3
12.56, 2
12.57, 3
12.58, 3
12.59, 0
12.60, 2
12.61, 3
12.62, 5
12.63, 3
12.64, 4
12.65, 5
12.66, 5
12.67, 1
12.68, 4
12.69, 3
12.70, 5
12.71, 2
12.72, 1
12.73, 4
12.74, 1
12.75, 5
12.76, 3
12.77, 4
12.78, 3
12.79, 5
12.80, 2
12.81, 0
12.82, 6
12.83, 3
12.84, 3
12.85, 3
12.86, 2
12.87, 2
12.88, 3
12.89, 2
12.90, 4
12.91, 5
12.92, 2
12.93, 2
12.94, 0
12.95, 6
12.96, 4
12.97, 2
12.98, 1
12.99, 3
13.00, 4
13.01, 3
13.02, 2
13.03, 2
13.04, 3
13.05, 2
13.06, 5
13.07, 2
13.08, 2
13.09, 3
13.10, 3
13.11, 4
13.12, 7
13.13, 1
13.14, 4
13.15, 4
13.16, 3
13.17, 1
13.18, 2
13.19, 4
13.20, 2
13.21, 2
13.22, 1
13.23, 6
13.24, 5
13.25, 2
13.26, 3
13.27, 4
13.28, 1
13.29, 3
13.30, 0
13.31, 1
13.32, 1
13.33, 0
13.34, 0
13.35, 2
13.36, 3
13.37, 3
13.38, 2
13.39, 2
13.40, 2
13.41, 5
13.42, 4
13.43, 1
13.44, 0
13.45, 2
13.46, 3
13.47, 1
13.48, 2
13.49, 4
13.50, 1
13.51, 2
13.52, 2
13.53, 2
13.54, 5
13.55, 5
13.56, 6
13.57, 7
13.58, 6
13.59, 2
13.60, 3
13.61, 5
13.62, 4
13.63, 1
13.64, 2
13.65, 3
13.66, 5
13.67, 3
13.68, 1
13.69, 2
13.70, 0
13.71, 3
13.72, 0
13.73, 3
13.74, 1
13.75, 3
13.76, 1
13.77, 1
13.78, 5
13.79, 2
13.80, 4
13.81, 2
13.82, 0
13.83, 4
13.84, 2
13.85, 4
13.86, 0
13.87, 3
13.88, 6
13.89, 2
13.90, 1
13.91, 0
13.92, 1
13.93, 6
13.94, 1
13.95, 2
13.96, 1
13.97, 4
13.98, 0
13.99, 1
14.00, 6
14.01, 2
14.02, 5
14.03, 2
14.04, 4
14.05, 2
14.06, 8
14.07, 3
14.08, 2
14.09, 1
14.10, 3
14.11, 1
14.12, 4
14.13, 1
14.14, 0
14.15, 5
14.16, 4
14.17, 2
14.18, 3
14.19, 1
14.20, 3
14.21, 0
14.22, 4
14.23, 4
14.24, 2
14.25, 4
14.26, 2
14.27, 1
14.28, 1
14.29, 2
14.30, 4
14.31, 6
14.32, 3
14.33, 2
14.34, 4
14.35, 3
14.36, 2
14.37, 4
14.38, 1
14.39, 3
14.40, 1
14.41, 3
14.42, 4
14.43, 3
14.44, 3
14.45, 1
14.46, 3
14.47, 2
14.48, 5
14.49, 1
14.50, 1
14.51, 0
14.52, 0
14.53, 3
14.54, 1
14.55, 1
14.56, 1
14.57, 6
14.58, 0
14.59, 0
14.60, 4
14.61, 3
14.62, 0
14.63, 5
14.64, 0
14.65, 3
14.66, 2
14.67, 3
14.68, 0
14.69, 0
14.70, 3
14.71, 2
14.72, 4
14.73, 2
14.74, 2
14.75, 2
14.76, 4
14.77, 1
14.78, 7
14.79, 1
14.80, 3
14.81, 3
14.82, 0
14.83, 1
14.84, 4
14.85, 1
14.86, 3
14.87, 2
14.88, 1
14.89, 2
14.90, 1
14.91, 1
14.92, 2
14.93, 1
14.94, 2
14.95, 3
14.96, 2
14.97, 3
14.98, 2
14.99, 2
15.00, 1
15.01, 4
15.02, 4
15.03, 3
15.04, 1
15.05, 0
15.06, 3
15.07, 6
15.08, 2
15.09, 1
15.10, 3
15.11, 3
15.12, 2
15.13, 0
15.14, 2
15.15, 2
15.16, 2
15.17, 3
15.18, 2
15.19, 1
15.20, 0
15.21, 3
15.22, 3
15.23, 3
15.24, 0
15.25, 0
15.26, 2
15.27, 0
15.28, 3
15.29, 3
15.30, 5
15.31, 1
15.32, 1
15.33, 4
15.34, 2
15.35, 1
15.36, 5
15.37, 0
15.38, 3
15.39, 0
15.40, 3
15.41, 1
15.42, 2
15.43, 2
15.44, 4
15.45, 0
15.46, 0
15.47, 4
15.48, 1
15.49, 5
15.50, 2
15.51, 4
15.52, 0
15.53, 2
15.54, 0
15.55, 1
15.56, 0
15.57, 3
15.58, 2
15.59, 3
15.60, 1
15.61, 1
15.62, 1
15.63, 2
15.64, 1
15.65, 0
15.66, 0
15.67, 2
15.68, 3
15.69, 0
15.70, 1
15.71, 0
15.72, 1
15.73, 0
15.74, 0
15.75, 1
15.76, 1
15.77, 3
15.78, 1
15.79, 1
15.80, 3
15.81, 2
15.82, 1
15.83, 2
15.84, 1
15.85, 1
15.86, 0
15.87, 0
15.88, 1
15.89, 2
15.90, 1
15.91, 0
15.92, 1
15.93, 0
15.94, 3
15.95, 3
15.96, 5
15.97, 0
15.98, 1
15.99, 0
16.00, 0
16.01, 0
16.02, 3
16.03, 2
16.04, 1
16.05, 1
16.06, 2
16.07, 0
16.08, 2
16.09, 2
16.10, 0
16.11, 4
16.12, 2
16.13, 0
16.14, 0
16.15, 4
16.16, 3
16.17, 1
16.18, 3
16.19, 4
16.20, 2
16.21, 1
16.22, 0
16.23, 3
16.24, 2
16.25, 0
16.26, 2
16.27, 1
16.28, 0
16.29, 1
16.30, 0
16.31, 1
16.32, 2
16.33, 1
16.34, 0
16.35, 1
16.36, 0
16.37, 2
16.38, 0
16.39, 1
16.40, 3
16.41, 0
16.42, 1
16.43, 3
16.44, 2
16.45, 0
16.46, 2
16.47, 1
16.48, 0
16.49, 1
16.50, 0
16.51, 2
16.52, 0
16.53, 1
16.54, 1
16.55, 0
16.56, 1
16.57, 2
16.58, 0
16.59, 0
16.60, 3
16.61, 1
16.62, 1
16.63, 2
16.64, 2
16.65, 1
16.66, 1
16.67, 1
16.68, 2
16.69, 0
16.70, 0
16.71, 4
16.72, 1
16.73, 1
16.74, 0
16.75, 0
16.76, 0
16.77, 1
16.78, 0
16.79, 0
16.80, 1
16.81, 0
16.82, 2
16.83, 0
16.84, 0
16.85, 1
16.86, 1
16.87, 3
16.88, 0
16.89, 2
16.90, 0
16.91, 1
16.92, 3
16.93, 1
16.94, 0
16.95, 2
16.96, 1
16.97, 1
16.98, 0
16.99, 2
17.00, 0
17.01, 0
17.02, 0
17.03, 0
17.04, 0
17.05, 1
17.06, 1
17.07, 0
17.08, 0
17.09, 0
17.10, 0
17.11, 1
17.12, 1
17.13, 2
17.14, 1
17.15, 2
17.16, 1
17.17, 1
17.18, 1
17.19, 1
17.20, 3
17.21, 0
17.22, 3
17.23, 0
17.24, 0
17.25, 0
17.26, 1
17.27, 1
17.28, 0
17.29, 0
17.30, 3
17.31, 1
17.32, 0
17.33, 1
17.34, 0
17.35, 1
17.36, 0
17.37, 2
17.38, 1
17.39, 1
17.40, 1
17.41, 3
17.42, 0
17.43, 0
17.44, 0
17.45, 1
17.46, 1
17.47, 1
17.48, 0
17.49, 0
17.50, 0
17.51, 0
17.52, 3
17.53, 0
17.54, 1
17.55, 0
17.56, 1
17.57, 2
17.58, 0
17.59, 2
17.60, 1
17.61, 1
17.62, 1
17.63, 0
17.64, 0
17.65, 0
17.66, 0
17.67, 1
17.68, 0
17.69, 0
17.70, 0
17.71, 0
17.72, 0
17.73, 0
17.74, 0
17.75, 0
17.76, 0
17.77, 0
17.78, 0
17.79, 0
17.80, 1
17.81, 0
17.82, 0
17.83, 0
17.84, 1
17.85, 0
17.86, 0
17.87, 0
17.88, 0
17.89, 0
17.90, 0
17.91, 0
17.92, 0
17.93, 1
17.94, 1
17.95, 0
17.96, 0
17.97, 1
17.98, 0
17.99, 1
18.00, 0
18.01, 0
18.02, 0
18.03, 0
18.04, 1
18.05, 0
18.06, 0
18.07, 0
18.08, 0
18.09, 0
18.10, 1
18.11, 0
18.12, 1
18.13, 1
18.14, 1
18.15, 0
18.16, 2
18.17, 0
18.18, 1
18.19, 0
18.20, 1
18.21, 2
18.22, 0
18.23, 0
18.24, 1
18.25, 1
18.26, 1
18.27, 1
18.28, 0
18.29, 0
18.30, 0
18.31, 0
18.32, 0
18.33, 1
18.34, 0
18.35, 1
18.36, 0
18.37, 1
18.38, 0
18.39, 0
18.40, 0
18.41, 0
18.42, 0
18.43, 1
18.44, 0
18.45, 2
18.46, 0
18.47, 0
18.48, 1
18.49, 0
18.50, 0
18.51, 0
18.52, 0
18.53, 0
18.54, 1
18.55, 0
18.56, 0
18.57, 0
18.58, 0
18.59, 1
18.60, 0
18.61, 0
18.62, 0
18.63, 0
18.64, 0
18.65, 0
18.66, 1
18.67, 0
18.68, 0
18.69, 0
18.70, 1
18.71, 1
18.72, 0
18.73, 0
18.74, 0
18.75, 0
18.76, 0
18.77, 0
18.78, 0
18.79, 0
18.80, 0
18.81, 0
18.82, 0
18.83, 0
18.84, 0
18.85, 0
18.86, 0
18.87, 1
18.88, 1
18.89, 1
18.90, 0
18.91, 0
18.92, 0
18.93, 0
18.94, 0
18.95, 0
18.96, 0
18.97, 0
18.98, 0
18.99, 0
19.00, 0
19.01, 0
19.02, 0
19.03, 0
19.04, 0
19.05, 0
19.06, 0
19.07, 0
19.08, 0
19.09, 1
19.10, 0
19.11, 0
19.12, 0
19.13, 0
19.14, 0
19.15, 0
19.16, 0
19.17, 0
19.18, 0
19.19, 0
19.20, 0
19.21, 0
19.22, 0
19.23, 0
19.24, 0
19.25, 0
19.26, 0
19.27, 0
19.28, 0
19.29, 0
19.30, 0
19.31, 0
19.32, 0
19.33, 0
19.34, 0
19.35, 0
19.36, 0
19.37, 0
19.38, 0
19.39, 0
19.40, 0
19.41, 0
19.42, 0
19.43, 0
19.44, 0
19.45, 0
19.46, 0
19.47, 0
19.48, 0
19.49, 0
19.50, 0
19.51, 0
19.52, 0
19.53, 0
19.54, 0
19.55, 0
19.56, 0
19.57, 0
19.58, 0
19.59, 0
19.60, 0
19.61, 0
19.62, 0
19.63, 0
19.64, 0
19.65, 0
19.66, 0
19.67, 0
19.68, 0
19.69, 0
19.70, 0
19.71, 0
19.72, 0
19.73, 0
19.74, 0
19.75, 0
19.76, 0
19.77, 0
19.78, 0
19.79, 0
19.80, 0
19.81, 0
19.82, 0
19.83, 0
19.84, 0
19.85, 0
19.86, 0
19.87, 0
19.88, 0
19.89, 0
19.90, 0
19.91, 0
19.92, 0
19.93, 0
19.94, 0
19.95, 0
19.96, 0
19.97, 0
19.98, 0
19.99, 0
20.00, 0
20.01, 0
20.02, 0
20.03, 0
20.04, 0
20.05, 0
20.06, 0
20.07, 0
20.08, 0
20.09, 0
20.10, 0
20.11, 0
20.12, 0
20.13, 0
20.14, 0
20.15, 0
20.16, 0
20.17, 0
20.18, 0
20.19, 0
20.20, 0
20.21, 0
20.22, 0
20.23, 0
20.24, 0
20.25, 0
20.26, 0
20.27, 0
20.28, 0
20.29, 0
20.30, 0
20.31, 0
20.32, 0
20.33, 0
20.34, 0
20.35, 0
20.36, 0
20.37, 0
20.38, 0
20.39, 0
20.40, 0
20.41, 0
20.42, 0
20.43, 0
20.44, 0
20.45, 0
20.46, 0
20.47, 0
