0.00, 0
0.01, 0
0.02, 0
0.03, 0
0.04, 0
0.05, 0
0.06, 0
0.07, 40
0.08, 8
0.09, 4
0.10, 5
0.11, 8
0.12, 6
0.13, 6
0.14, 9
0.15, 13
0.16, 15
0.17, 18
0.18, 14
0.19, 20
0.20, 16
0.21, 23
0.22, 35
0.23, 84
0.24, 138
0.25, 223
0.26, 322
0.27, 454
0.28, 455
0.29, 442
0.30, 284
0.31, 159
0.32, 79
0.33, 43
0.34, 31
0.35, 21
0.36, 15
0.37, 24
0.38, 12
0.39, 16
0.40, 21
0.41, 17
0.42, 21
0.43, 6
0.44, 13
0.45, 26
0.46, 25
0.47, 46
0.48, 106
0.49, 179
0.50, 310
0.51, 392
0.52, 524
0.53, 614
0.54, 519
0.55, 421
0.56, 247
0.57, 140
0.58, 86
0.59, 49
0.60, 36
0.61, 24
0.62, 17
0.63, 17
0.64, 16
0.65, 5
0.66, 15
0.67, 9
0.68, 10
0.69, 18
0.70, 11
0.71, 23
0.72, 17
0.73, 18
0.74, 16
0.75, 16
0.76, 23
0.77, 20
0.78, 17
0.79, 22
0.80, 22
0.81, 21
0.82, 25
0.83, 23
0.84, 16
0.85, 25
0.86, 10
0.87, 11
0.88, 14
0.89, 20
0.90, 11
0.91, 21
0.92, 16
0.93, 20
0.94, 17
0.95, 17
0.96, 17
0.97, 14
0.98, 22
0.99, 14
1.00, 26
1.01, 25
1.02, 30
1.03, 25
1.04, 22
1.05, 31
1.06, 19
1.07, 17
1.08, 18
1.09, 18
1.10, 17
1.11, 25
1.12, 18
1.13, 11
1.14, 24
1.15, 13
1.16, 21
1.17, 18
1.18, 22
1.19, 20
1.20, 24
1.21, 16
1.22, 18
1.23, 23
1.24, 19
1.25, 28
1.26, 18
1.27, 30
1.28, 28
1.29, 27
1.30, 19
1.31, 25
1.32, 20
1.33, 11
1.34, 26
1.35, 23
1.36, 18
1.37, 15
1.38, 18
1.39, 16
1.40, 22
1.41, 17
1.42, 18
1.43, 24
1.44, 24
1.45, 32
1.46, 25
1.47, 25
1.48, 37
1.49, 43
1.50, 55
1.51, 36
1.52, 21
1.53, 34
1.54, 29
1.55, 33
1.56, 20
1.57, 10
1.58, 15
1.59, 23
1.60, 18
1.61, 26
1.62, 26
1.63, 17
1.64, 17
1.65, 21
1.66, 21
1.67, 19
1.68, 25
1.69, 23
1.70, 21
1.71, 22
1.72, 22
1.73, 23
1.74, 27
1.75, 14
1.76, 18
1.77, 30
1.78, 19
1.79, 28
1.80, 27
1.81, 23
1.82, 25
1.83, 20
1.84, 25
1.85, 21
1.86, 10
1.87, 19
1.88, 16
1.89, 19
1.90, 20
1.91, 24
1.92, 20
1.93, 24
1.94, 24
1.95, 25
1.96, 36
1.97, 30
1.98, 25
1.99, 24
2.00, 24
2.01, 22
2.02, 26
2.03, 34
2.04, 29
2.05, 26
2.06, 26
2.07, 30
2.08, 24
2.09, 15
2.10, 28
2.11, 17
2.12, 20
2.13, 26
2.14, 31
2.15, 21
2.16, 26
2.17, 33
2.18, 33
2.19, 25
2.20, 40
2.21, 50
2.22, 57
2.23, 53
2.24, 42
2.25, 39
2.26, 51
2.27, 49
2.28, 76
2.29, 97
2.30, 105
2.31, 112
2.32, 144
2.33, 105
2.34, 116
2.35, 79
2.36, 54
2.37, 49
2.38, 30
2.39, 33
2.40, 32
2.41, 29
2.42, 27
2.43, 15
2.44, 12
2.45, 22
2.46, 24
2.47, 34
2.48, 23
2.49, 22
2.50, 19
2.51, 32
2.52, 13
2.53, 29
2.54, 23
2.55, 17
2.56, 11
2.57, 23
2.58, 16
2.59, 18
2.60, 30
2.61, 22
2.62, 23
2.63, 27
2.64, 19
2.65, 16
2.66, 23
2.67, 23
2.68, 20
2.69, 20
2.70, 9
2.71, 22
2.72, 14
2.73, 15
2.74, 16
2.75, 12
2.76, 20
2.77, 18
2.78, 20
2.79, 14
2.80, 12
2.81, 8
2.82, 11
2.83, 18
2.84, 10
2.85, 19
2.86, 12
2.87, 23
2.88, 13
2.89, 19
2.90, 7
2.91, 18
2.92, 19
2.93, 14
2.94, 15
2.95, 14
2.96, 13
2.97, 14
2.98, 12
2.99, 19
3.00, 18
3.01, 17
3.02, 13
3.03, 15
3.04, 11
3.05, 10
3.06, 14
3.07, 16
3.08, 11
3.09, 22
3.10, 11
3.11, 13
3.12, 11
3.13, 12
3.14, 15
3.15, 16
3.16, 21
3.17, 10
3.18, 16
3.19, 13
3.20, 17
3.21, 11
3.22, 17
3.23, 9
3.24, 20
3.25, 14
3.26, 15
3.27, 14
3.28, 6
3.29, 20
3.30, 9
3.31, 4
3.32, 19
3.33, 18
3.34, 15
3.35, 14
3.36, 10
3.37, 11
3.38, 12
3.39, 16
3.40, 12
3.41, 18
3.42, 9
3.43, 9
3.44, 16
3.45, 18
3.46, 14
3.47, 17
3.48, 11
3.49, 12
3.50, 18
3.51, 11
3.52, 15
3.53, 10
3.54, 13
3.55, 14
3.56, 15
3.57, 25
3.58, 23
3.59, 28
3.60, 37
3.61, 57
3.62, 75
3.63, 108
3.64, 160
3.65, 207
3.66, 258
3.67, 329
3.68, 382
3.69, 444
3.70, 401
3.71, 433
3.72, 386
3.73, 322
3.74, 320
3.75, 238
3.76, 187
3.77, 150
3.78, 115
3.79, 75
3.80, 50
3.81, 33
3.82, 23
3.83, 15
3.84, 8
3.85, 16
3.86, 14
3.87, 10
3.88, 16
3.89, 13
3.90, 11
3.91, 17
3.92, 15
3.93, 12
3.94, 23
3.95, 32
3.96, 41
3.97, 43
3.98, 38
3.99, 53
4.00, 52
4.01, 54
4.02, 55
4.03, 63
4.04, 55
4.05, 53
4.06, 45
4.07, 41
4.08, 30
4.09, 31
4.10, 26
4.11, 18
4.12, 15
4.13, 11
4.14, 9
4.15, 8
4.16, 15
4.17, 9
4.18, 10
4.19, 11
4.20, 8
4.21, 6
4.22, 9
4.23, 3
4.24, 12
4.25, 14
4.26, 10
4.27, 10
4.28, 8
4.29, 12
4.30, 7
4.31, 12
4.32, 10
4.33, 13
4.34, 9
4.35, 11
4.36, 9
4.37, 10
4.38, 7
4.39, 15
4.40, 21
4.41, 21
4.42, 35
4.43, 20
4.44, 39
4.45, 44
4.46, 46
4.47, 53
4.48, 43
4.49, 51
4.50, 41
4.51, 47
4.52, 32
4.53, 31
4.54, 33
4.55, 26
4.56, 22
4.57, 13
4.58, 7
4.59, 10
4.60, 9
4.61, 12
4.62, 10
4.63, 8
4.64, 4
4.65, 6
4.66, 8
4.67, 8
4.68, 10
4.69, 6
4.70, 14
4.71, 11
4.72, 10
4.73, 10
4.74, 13
4.75, 12
4.76, 11
4.77, 15
4.78, 9
4.79, 19
4.80, 21
4.81, 12
4.82, 24
4.83, 27
4.84, 39
4.85, 37
4.86, 27
4.87, 25
4.88, 23
4.89, 14
4.90, 21
4.91, 16
4.92, 16
4.93, 16
4.94, 17
4.95, 10
4.96, 7
4.97, 13
4.98, 12
4.99, 10
5.00, 12
5.01, 5
5.02, 12
5.03, 14
5.04, 3
5.05, 6
5.06, 8
5.07, 3
5.08, 8
5.09, 10
5.10, 8
5.11, 19
5.12, 17
5.13, 12
5.14, 14
5.15, 9
5.16, 13
5.17, 18
5.18, 18
5.19, 14
5.20, 16
5.21, 11
5.22, 9
5.23, 12
5.24, 12
5.25, 16
5.26, 6
5.27, 4
5.28, 9
5.29, 4
5.30, 8
5.31, 7
5.32, 8
5.33, 5
5.34, 6
5.35, 8
5.36, 8
5.37, 4
5.38, 7
5.39, 7
5.40, 3
5.41, 10
5.42, 6
5.43, 6
5.44, 8
5.45, 9
5.46, 9
5.47, 9
5.48, 6
5.49, 11
5.50, 8
5.51, 9
5.52, 7
5.53, 13
5.54, 10
5.55, 7
5.56, 9
5.57, 7
5.58, 6
5.59, 7
5.60, 5
5.61, 11
5.62, 8
5.63, 11
5.64, 4
5.65, 5
5.66, 7
5.67, 5
5.68, 7
5.69, 6
5.70, 6
5.71, 9
5.72, 4
5.73, 7
5.74, 6
5.75, 8
5.76, 5
5.77, 3
5.78, 3
5.79, 8
5.80, 6
5.81, 9
5.82, 6
5.83, 7
5.84, 8
5.85, 8
5.86, 11
5.87, 4
5.88, 7
5.89, 1
5.90, 8
5.91, 4
5.92, 9
5.93, 10
5.94, 9
5.95, 8
5.96, 5
5.97, 7
5.98, 9
5.99, 9
6.00, 8
6.01, 6
6.02, 7
6.03, 9
6.04, 6
6.05, 8
6.06, 4
6.07, 4
6.08, 2
6.09, 5
6.10, 3
6.11, 8
6.12, 5
6.13, 5
6.14, 8
6.15, 3
6.16, 3
6.17, 5
6.18, 2
6.19, 4
6.20, 7
6.21, 4
6.22, 1
6.23, 3
6.24, 4
6.25, 5
6.26, 9
6.27, 1
6.28, 7
6.29, 11
6.30, 4
6.31, 11
6.32, 8
6.33, 9
6.34, 4
6.35, 9
6.36, 5
6.37, 3
6.38, 3
6.39, 6
6.40, 5
6.41, 14
6.42, 6
6.43, 3
6.44, 4
6.45, 9
6.46, 6
6.47, 5
6.48, 3
6.49, 6
6.50, 1
6.51, 5
6.52, 7
6.53, 8
6.54, 4
6.55, 8
6.56, 4
6.57, 10
6.58, 4
6.59, 1
6.60, 5
6.61, 4
6.62, 3
6.63, 4
6.64, 3
6.65, 6
6.66, 4
6.67, 6
6.68, 2
6.69, 3
6.70, 5
6.71, 3
6.72, 4
6.73, 5
6.74, 4
6.75, 4
6.76, 6
6.77, 5
6.78, 3
6.79, 6
6.80, 9
6.81, 8
6.82, 5
6.83, 9
6.84, 7
6.85, 4
6.86, 6
6.87, 5
6.88, 9
6.89, 6
6.90, 7
6.91, 6
6.92, 9
6.93, 3
6.94, 5
6.95, 7
6.96, 1
6.97, 3
6.98, 6
6.99, 6
7.00, 6
7.01, 2
7.02, 3
7.03, 5
7.04, 3
7.05, 4
7.06, 3
7.07, 2
7.08, 10
7.09, 5
7.10, 6
7.11, 4
7.12, 6
7.13, 1
7.14, 7
7.15, 4
7.16, 6
7.17, 7
7.18, 5
7.19, 5
7.20, 6
7.21, 7
7.22, 1
7.23, 6
7.24, 7
7.25, 3
7.26, 5
7.27, 3
7.28, 1
7.29, 6
7.30, 4
7.31, 0
7.32, 4
7.33, 4
7.34, 5
7.35, 1
7.36, 1
7.37, 1
7.38, 5
7.39, 4
7.40, 8
7.41, 3
7.42, 4
7.43, 1
7.44, 6
7.45, 7
7.46, 2
7.47, 4
7.48, 8
7.49, 3
7.50, 2
7.51, 5
7.52, 2
7.53, 2
7.54, 5
7.55, 8
7.56, 2
7.57, 4
7.58, 6
7.59, 8
7.60, 6
7.61, 2
7.62, 2
7.63, 3
7.64, 3
7.65, 1
7.66, 4
7.67, 6
7.68, 3
7.69, 4
7.70, 4
7.71, 4
7.72, 3
7.73, 2
7.74, 4
7.75, 1
7.76, 6
7.77, 4
7.78, 3
7.79, 5
7.80, 1
7.81, 2
7.82, 4
7.83, 5
7.84, 4
7.85, 6
7.86, 2
7.87, 3
7.88, 0
7.89, 6
7.90, 2
7.91, 3
7.92, 0
7.93, 3
7.94, 4
7.95, 2
7.96, 4
7.97, 3
7.98, 3
7.99, 3
8.00, 2
8.01, 6
8.02, 0
8.03, 7
8.04, 4
8.05, 2
8.06, 3
8.07, 2
8.08, 2
8.09, 1
8.10, 2
8.11, 3
8.12, 4
8.13, 3
8.14, 4
8.15, 5
8.16, 3
8.17, 1
8.18, 2
8.19, 5
8.20, 0
8.21, 2
8.22, 1
8.23, 5
8.24, 6
8.25, 5
8.26, 4
8.27, 4
8.28, 1
8.29, 3
8.30, 4
8.31, 2
8.32, 1
8.33, 3
8.34, 2
8.35, 3
8.36, 3
8.37, 3
8.38, 2
8.39, 2
8.40, 5
8.41, 7
8.42, 3
8.43, 3
8.44, 3
8.45, 5
8.46, 3
8.47, 0
8.48, 2
8.49, 3
8.50, 3
8.51, 4
8.52, 2
8.53, 2
8.54, 5
8.55, 1
8.56, 0
8.57, 4
8.58, 2
8.59, 6
8.60, 3
8.61, 7
8.62, 3
8.63, 3
8.64, 2
8.65, 1
8.66, 1
8.67, 2
8.68, 2
8.69, 3
8.70, 7
8.71, 1
8.72, 3
8.73, 2
8.74, 2
8.75, 4
8.76, 0
8.77, 5
8.78, 4
8.79, 5
8.80, 3
8.81, 1
8.82, 2
8.83, 2
8.84, 6
8.85, 1
8.86, 1
8.87, 2
8.88, 2
8.89, 4
8.90, 6
8.91, 3
8.92, 2
8.93, 2
8.94, 3
8.95, 2
8.96, 3
8.97, 0
8.98, 0
8.99, 2
9.00, 1
9.01, 4
9.02, 3
9.03, 2
9.04, 1
9.05, 2
9.06, 4
9.07, 4
9.08, 0
9.09, 5
9.10, 2
9.11, 0
9.12, 3
9.13, 4
9.14, 10
9.15, 4
9.16, 0
9.17, 2
9.18, 6
9.19, 3
9.20, 2
9.21, 4
9.22, 2
9.23, 0
9.24, 1
9.25, 2
9.26, 3
9.27, 2
9.28, 1
9.29, 2
9.30, 1
9.31, 2
9.32, 2
9.33, 0
9.34, 1
9.35, 4
9.36, 1
9.37, 2
9.38, 3
9.39, 5
9.40, 1
9.41, 3
9.42, 3
9.43, 3
9.44, 3
9.45, 4
9.46, 3
9.47, 3
9.48, 1
9.49, 1
9.50, 3
9.51, 2
9.52, 3
9.53, 6
9.54, 1
9.55, 2
9.56, 5
9.57, 2
9.58, 3
9.59, 3
9.60, 3
9.61, 2
9.62, 3
9.63, 1
9.64, 1
9.65, 2
9.66, 2
9.67, 5
9.68, 0
9.69, 5
9.70, 1
9.71, 0
9.72, 0
9.73, 3
9.74, 6
9.75, 2
9.76, 2
9.77, 3
9.78, 0
9.79, 1
9.80, 1
9.81, 1
9.82, 1
9.83, 3
9.84, 0
9.85, 1
9.86, 0
9.87, 1
9.88, 2
9.89, 3
9.90, 3
9.91, 2
9.92, 0
9.93, 2
9.94, 3
9.95, 2
9.96, 3
9.97, 2
9.98, 2
9.99, 2
10.00, 2
10.01, 1
10.02, 4
10.03, 2
10.04, 5
10.05, 3
10.06, 2
10.07, 3
10.08, 1
10.09, 3
10.10, 2
10.11, 0
10.12, 2
10.13, 0
10.14, 4
10.15, 2
10.16, 4
10.17, 3
10.18, 1
10.19, 2
10.20, 2
10.21, 0
10.22, 1
10.23, 2
10.24, 1
10.25, 2
10.26, 0
10.27, 0
10.28, 0
10.29, 2
10.30, 1
10.31, 1
10.32, 2
10.33, 0
10.34, 1
10.35, 1
10.36, 1
10.37, 3
10.38, 2
10.39, 1
10.40, 4
10.41, 1
10.42, 1
10.43, 2
10.44, 3
10.45, 2
10.46, 3
10.47, 3
10.48, 1
10.49, 1
10.50, 3
10.51, 1
10.52, 0
10.53, 2
10.54, 1
10.55, 3
10.56, 0
10.57, 3
10.58, 2
10.59, 1
10.60, 0
10.61, 1
10.62, 0
10.63, 0
10.64, 2
10.65, 2
10.66, 3
10.67, 4
10.68, 0
10.69, 2
10.70, 0
10.71, 0
10.72, 2
10.73, 1
10.74, 1
10.75, 2
10.76, 3
10.77, 2
10.78, 2
10.79, 2
10.80, 5
10.81, 0
10.82, 0
10.83, 0
10.84, 4
10.85, 0
10.86, 1
10.87, 2
10.88, 2
10.89, 3
10.90, 1
10.91, 1
10.92, 1
10.93, 1
10.94, 2
10.95, 3
10.96, 4
10.97, 0
10.98, 1
10.99, 1
11.00, 0
11.01, 1
11.02, 1
11.03, 3
11.04, 3
11.05, 0
11.06, 1
11.07, 2
11.08, 1
11.09, 1
11.10, 3
11.11, 1
11.12, 0
11.13, 1
11.14, 0
11.15, 1
11.16, 2
11.17, 1
11.18, 0
11.19, 0
11.20, 1
11.21, 2
11.22, 0
11.23, 2
11.24, 1
11.25, 0
11.26, 2
11.27, 2
11.28, 1
11.29, 0
11.30, 1
11.31, 1
11.32, 0
11.33, 4
11.34, 2
11.35, 1
11.36, 2
11.37, 3
11.38, 4
11.39, 1
11.40, 1
11.41, 1
11.42, 0
11.43, 1
11.44, 0
11.45, 2
11.46, 1
11.47, 2
11.48, 3
11.49, 0
11.50, 0
11.51, 2
11.52, 0
11.53, 1
11.54, 1
11.55, 2
11.56, 1
11.57, 0
11.58, 2
11.59, 1
11.60, 0
11.61, 1
11.62, 0
11.63, 0
11.64, 1
11.65, 3
11.66, 1
11.67, 0
11.68, 2
11.69, 0
11.70, 2
11.71, 1
11.72, 5
11.73, 1
11.74, 1
11.75, 2
11.76, 1
11.77, 0
11.78, 1
11.79, 2
11.80, 0
11.81, 0
11.82, 0
11.83, 0
11.84, 1
11.85, 0
11.86, 1
11.87, 1
11.88, 0
11.89, 2
11.90, 1
11.91, 1
11.92, 2
11.93, 0
11.94, 1
11.95, 1
11.96, 2
11.97, 1
11.98, 1
11.99, 1
12.00, 1
12.01, 2
12.02, 0
12.03, 1
12.04, 1
12.05, 1
12.06, 0
12.07, 2
12.08, 1
12.09, 2
12.10, 1
12.11, 1
12.12, 1
12.13, 3
12.14, 0
12.15, 1
12.16, 3
12.17, 1
12.18, 1
12.19, 1
12.20, 0
12.21, 0
12.22, 0
12.23, 2
12.24, 1
12.25, 1
12.26, 1
12.27, 0
12.28, 1
12.29, 0
12.30, 2
12.31, 0
12.32, 0
12.33, 1
12.34, 1
12.35, 0
12.36, 0
12.37, 1
12.38, 0
12.39, 0
12.40, 0
12.41, 1
12.42, 0
12.43, 0
12.44, 0
12.45, 0
12.46, 0
12.47, 1
12.48, 3
12.49, 1
12.50, 0
12.51, 2
12.52, 1
12.53, 0
12.54, 0
12.55, 1
12.56, 2
12.57, 1
12.58, 0
12.59, 1
12.60, 1
12.61, 1
12.62, 1
12.63, 0
12.64, 1
12.65, 1
12.66, 0
12.67, 0
12.68, 1
12.69, 2
12.70, 1
12.71, 1
12.72, 1
12.73, 0
12.74, 1
12.75, 2
12.76, 0
12.77, 2
12.78, 0
12.79, 1
12.80, 1
12.81, 2
12.82, 2
12.83, 0
12.84, 1
12.85, 0
12.86, 2
12.87, 0
12.88, 0
12.89, 0
12.90, 0
12.91, 0
12.92, 0
12.93, 0
12.94, 2
12.95, 0
12.96, 0
12.97, 2
12.98, 0
12.99, 2
13.00, 0
13.01, 2
13.02, 2
13.03, 0
13.04, 1
13.05, 1
13.06, 0
13.07, 3
13.08, 2
13.09, 2
13.10, 0
13.11, 1
13.12, 0
13.13, 0
13.14, 1
13.15, 0
13.16, 0
13.17, 0
13.18, 2
13.19, 0
13.20, 0
13.21, 1
13.22, 1
13.23, 1
13.24, 0
13.25, 0
13.26, 0
13.27, 0
13.28, 0
13.29, 0
13.30, 1
13.31, 1
13.32, 1
13.33, 0
13.34, 2
13.35, 0
13.36, 4
13.37, 0
13.38, 0
13.39, 1
13.40, 2
13.41, 1
13.42, 0
13.43, 1
13.44, 1
13.45, 0
13.46, 0
13.47, 0
13.48, 0
13.49, 1
13.50, 0
13.51, 0
13.52, 0
13.53, 2
13.54, 1
13.55, 2
13.56, 1
13.57, 1
13.58, 3
13.59, 2
13.60, 1
13.61, 0
13.62, 0
13.63, 0
13.64, 2
13.65, 0
13.66, 0
13.67, 0
13.68, 1
13.69, 1
13.70, 0
13.71, 0
13.72, 0
13.73, 2
13.74, 0
13.75, 0
13.76, 2
13.77, 0
13.78, 2
13.79, 0
13.80, 1
13.81, 2
13.82, 0
13.83, 0
13.84, 2
13.85, 0
13.86, 1
13.87, 0
13.88, 0
13.89, 0
13.90, 1
13.91, 1
13.92, 1
13.93, 1
13.94, 1
13.95, 0
13.96, 1
13.97, 1
13.98, 0
13.99, 1
14.00, 0
14.01, 0
14.02, 0
14.03, 2
14.04, 0
14.05, 1
14.06, 1
14.07, 0
14.08, 2
14.09, 1
14.10, 2
14.11, 1
14.12, 1
14.13, 1
14.14, 0
14.15, 2
14.16, 2
14.17, 0
14.18, 1
14.19, 0
14.20, 2
14.21, 1
14.22, 2
14.23, 0
14.24, 1
14.25, 1
14.26, 1
14.27, 0
14.28, 0
14.29, 0
14.30, 1
14.31, 0
14.32, 1
14.33, 0
14.34, 0
14.35, 0
14.36, 3
14.37, 0
14.38, 2
14.39, 0
14.40, 1
14.41, 0
14.42, 0
14.43, 0
14.44, 0
14.45, 0
14.46, 1
14.47, 0
14.48, 0
14.49, 0
14.50, 1
14.51, 0
14.52, 1
14.53, 0
14.54, 0
14.55, 0
14.56, 2
14.57, 3
14.58, 2
14.59, 0
14.60, 0
14.61, 1
14.62, 0
14.63, 0
14.64, 2
14.65, 1
14.66, 0
14.67, 0
14.68, 0
14.69, 0
14.70, 0
14.71, 0
14.72, 0
14.73, 1
14.74, 2
14.75, 0
14.76, 1
14.77, 0
14.78, 1
14.79, 1
14.80, 0
14.81, 0
14.82, 1
14.83, 1
14.84, 0
14.85, 1
14.86, 0
14.87, 1
14.88, 1
14.89, 0
14.90, 1
14.91, 1
14.92, 0
14.93, 1
14.94, 4
14.95, 0
14.96, 1
14.97, 2
14.98, 0
14.99, 1
15.00, 2
15.01, 1
15.02, 1
15.03, 1
15.04, 0
15.05, 0
15.06, 3
15.07, 0
15.08, 0
15.09, 1
15.10, 0
15.11, 1
15.12, 2
15.13, 2
15.14, 0
15.15, 0
15.16, 0
15.17, 0
15.18, 3
15.19, 0
15.20, 0
15.21, 0
15.22, 0
15.23, 2
15.24, 0
15.25, 1
15.26, 3
15.27, 0
15.28, 0
15.29, 0
15.30, 0
15.31, 0
15.32, 1
15.33, 0
15.34, 1
15.35, 1
15.36, 3
15.37, 0
15.38, 2
15.39, 1
15.40, 0
15.41, 1
15.42, 2
15.43, 0
15.44, 0
15.45, 2
15.46, 0
15.47, 1
15.48, 0
15.49, 1
15.50, 0
15.51, 1
15.52, 0
15.53, 1
15.54, 0
15.55, 1
15.56, 0
15.57, 1
15.58, 1
15.59, 0
15.60, 0
15.61, 1
15.62, 0
15.63, 0
15.64, 1
15.65, 0
15.66, 0
15.67, 1
15.68, 0
15.69, 0
15.70, 1
15.71, 0
15.72, 0
15.73, 0
15.74, 1
15.75, 0
15.76, 0
15.77, 0
15.78, 0
15.79, 0
15.80, 0
15.81, 1
15.82, 1
15.83, 0
15.84, 0
15.85, 0
15.86, 0
15.87, 2
15.88, 1
15.89, 0
15.90, 0
15.91, 0
15.92, 3
15.93, 2
15.94, 1
15.95, 0
15.96, 0
15.97, 0
15.98, 0
15.99, 0
16.00, 0
16.01, 0
16.02, 0
16.03, 0
16.04, 0
16.05, 0
16.06, 1
16.07, 1
16.08, 0
16.09, 0
16.10, 1
16.11, 2
16.12, 1
16.13, 0
16.14, 1
16.15, 1
16.16, 0
16.17, 0
16.18, 0
16.19, 0
16.20, 0
16.21, 1
16.22, 1
16.23, 1
16.24, 1
16.25, 0
16.26, 2
16.27, 1
16.28, 0
16.29, 0
16.30, 0
16.31, 1
16.32, 0
16.33, 1
16.34, 1
16.35, 1
16.36, 0
16.37, 0
16.38, 1
16.39, 1
16.40, 0
16.41, 0
16.42, 0
16.43, 1
16.44, 0
16.45, 0
16.46, 0
16.47, 2
16.48, 0
16.49, 0
16.50, 1
16.51, 0
16.52, 0
16.53, 0
16.54, 0
16.55, 1
16.56, 0
16.57, 0
16.58, 0
16.59, 1
16.60, 0
16.61, 0
16.62, 0
16.63, 1
16.64, 0
16.65, 0
16.66, 1
16.67, 1
16.68, 1
16.69, 1
16.70, 2
16.71, 0
16.72, 0
16.73, 0
16.74, 1
16.75, 1
16.76, 0
16.77, 1
16.78, 1
16.79, 0
16.80, 0
16.81, 0
16.82, 1
16.83, 0
16.84, 0
16.85, 0
16.86, 0
16.87, 0
16.88, 1
16.89, 0
16.90, 0
16.91, 1
16.92, 0
16.93, 0
16.94, 0
16.95, 0
16.96, 1
16.97, 0
16.98, 0
16.99, 0
17.00, 0
17.01, 0
17.02, 0
17.03, 0
17.04, 1
17.05, 1
17.06, 0
17.07, 1
17.08, 0
17.09, 0
17.10, 0
17.11, 0
17.12, 0
17.13, 0
17.14, 0
17.15, 0
17.16, 0
17.17, 0
17.18, 1
17.19, 0
17.20, 1
17.21, 0
17.22, 0
17.23, 0
17.24, 0
17.25, 0
17.26, 3
17.27, 1
17.28, 0
17.29, 0
17.30, 1
17.31, 1
17.32, 0
17.33, 0
17.34, 1
17.35, 0
17.36, 0
17.37, 0
17.38, 0
17.39, 0
17.40, 0
17.41, 1
17.42, 0
17.43, 1
17.44, 0
17.45, 0
17.46, 0
17.47, 0
17.48, 0
17.49, 1
17.50, 1
17.51, 0
17.52, 0
17.53, 0
17.54, 1
17.55, 0
17.56, 0
17.57, 2
17.58, 0
17.59, 0
17.60, 0
17.61, 1
17.62, 0
17.63, 0
17.64, 2
17.65, 0
17.66, 0
17.67, 0
17.68, 0
17.69, 0
17.70, 0
17.71, 0
17.72, 0
17.73, 0
17.74, 1
17.75, 1
17.76, 0
17.77, 0
17.78, 0
17.79, 0
17.80, 0
17.81, 0
17.82, 0
17.83, 0
17.84, 0
17.85, 0
17.86, 0
17.87, 2
17.88, 0
17.89, 0
17.90, 0
17.91, 1
17.92, 0
17.93, 0
17.94, 0
17.95, 0
17.96, 0
17.97, 0
17.98, 1
17.99, 0
18.00, 0
18.01, 0
18.02, 0
18.03, 0
18.04, 0
18.05, 0
18.06, 0
18.07, 0
18.08, 1
18.09, 1
18.10, 0
18.11, 0
18.12, 1
18.13, 0
18.14, 0
18.15, 0
18.16, 0
18.17, 0
18.18, 0
18.19, 0
18.20, 1
18.21, 2
18.22, 0
18.23, 0
18.24, 0
18.25, 1
18.26, 1
18.27, 0
18.28, 0
18.29, 0
18.30, 0
18.31, 0
18.32, 0
18.33, 0
18.34, 0
18.35, 0
18.36, 0
18.37, 0
18.38, 0
18.39, 0
18.40, 0
18.41, 0
18.42, 0
18.43, 0
18.44, 0
18.45, 0
18.46, 0
18.47, 0
18.48, 1
18.49, 0
18.50, 1
18.51, 0
18.52, 0
18.53, 0
18.54, 0
18.55, 0
18.56, 0
18.57, 0
18.58, 0
18.59, 0
18.60, 1
18.61, 0
18.62, 0
18.63, 0
18.64, 0
18.65, 0
18.66, 0
18.67, 0
18.68, 0
18.69, 1
18.70, 0
18.71, 0
18.72, 0
18.73, 0
18.74, 0
18.75, 0
18.76, 0
18.77, 0
18.78, 1
18.79, 0
18.80, 0
18.81, 0
18.82, 0
18.83, 1
18.84, 0
18.85, 0
18.86, 1
18.87, 0
18.88, 0
18.89, 0
18.90, 0
18.91, 0
18.92, 0
18.93, 0
18.94, 0
18.95, 0
18.96, 0
18.97, 0
18.98, 0
18.99, 0
19.00, 0
19.01, 0
19.02, 0
19.03, 0
19.04, 0
19.05, 0
19.06, 0
19.07, 0
19.08, 0
19.09, 0
19.10, 0
19.11, 0
19.12, 0
19.13, 0
19.14, 0
19.15, 0
19.16, 0
19.17, 0
19.18, 0
19.19, 0
19.20, 0
19.21, 0
19.22, 0
19.23, 1
19.24, 0
19.25, 0
19.26, 0
19.27, 1
19.28, 0
19.29, 0
19.30, 0
19.31, 0
19.32, 0
19.33, 0
19.34, 0
19.35, 0
19.36, 0
19.37, 0
19.38, 0
19.39, 0
19.40, 0
19.41, 0
19.42, 0
19.43, 0
19.44, 0
19.45, 0
19.46, 0
19.47, 0
19.48, 0
19.49, 0
19.50, 0
19.51, 0
19.52, 0
19.53, 0
19.54, 0
19.55, 0
19.56, 0
19.57, 0
19.58, 0
19.59, 0
19.60, 0
19.61, 0
19.62, 0
19.63, 0
19.64, 0
19.65, 0
19.66, 0
19.67, 0
19.68, 0
19.69, 0
19.70, 0
19.71, 0
19.72, 0
19.73, 0
19.74, 0
19.75, 0
19.76, 0
19.77, 0
19.78, 0
19.79, 0
19.80, 0
19.81, 0
19.82, 0
19.83, 0
19.84, 0
19.85, 0
19.86, 0
19.87, 0
19.88, 0
19.89, 0
19.90, 0
19.91, 0
19.92, 0
19.93, 0
19.94, 0
19.95, 0
19.96, 0
19.97, 0
19.98, 0
19.99, 0
20.00, 0
20.01, 0
20.02, 0
20.03, 0
20.04, 0
20.05, 0
20.06, 0
20.07, 0
20.08, 0
20.09, 0
20.10, 0
20.11, 0
20.12, 0
20.13, 0
20.14, 0
20.15, 0
20.16, 0
20.17, 0
20.18, 0
20.19, 0
20.20, 0
20.21, 0
20.22, 0
20.23, 0
20.24, 0
20.25, 0
20.26, 0
20.27, 0
20.28, 0
20.29, 0
20.30, 0
20.31, 0
20.32, 0
20.33, 0
20.34, 0
20.35, 0
20.36, 0
20.37, 0
20.38, 0
20.39, 0
20.40, 0
20.41, 0
20.42, 0
20.43, 0
20.44, 0
20.45, 0
20.46, 0
20.47, 0
