0.00, 0
0.01, 0
0.02, 0
0.03, 0
0.04, 0
0.05, 0
0.06, 0
0.07, 30
0.08, 11
0.09, 9
0.10, 9
0.11, 5
0.12, 11
0.13, 18
0.14, 16
0.15, 27
0.16, 31
0.17, 29
0.18, 24
0.19, 30
0.20, 28
0.21, 36
0.22, 65
0.23, 109
0.24, 217
0.25, 352
0.26, 573
0.27, 749
0.28, 810
0.29, 696
0.30, 505
0.31, 281
0.32, 158
0.33, 58
0.34, 25
0.35, 22
0.36, 26
0.37, 26
0.38, 34
0.39, 31
0.40, 33
0.41, 36
0.42, 35
0.43, 26
0.44, 28
0.45, 31
0.46, 38
0.47, 47
0.48, 104
0.49, 246
0.50, 294
0.51, 467
0.52, 629
0.53, 642
0.54, 628
0.55, 510
0.56, 306
0.57, 194
0.58, 108
0.59, 48
0.60, 52
0.61, 28
0.62, 41
0.63, 36
0.64, 45
0.65, 25
0.66, 22
0.67, 25
0.68, 23
0.69, 27
0.70, 28
0.71, 27
0.72, 36
0.73, 36
0.74, 32
0.75, 30
0.76, 38
0.77, 34
0.78, 34
0.79, 48
0.80, 47
0.81, 33
0.82, 46
0.83, 32
0.84, 39
0.85, 23
0.86, 36
0.87, 42
0.88, 28
0.89, 24
0.90, 19
0.91, 22
0.92, 31
0.93, 41
0.94, 33
0.95, 30
0.96, 25
0.97, 33
0.98, 46
0.99, 25
1.00, 37
1.01, 32
1.02, 43
1.03, 45
1.04, 42
1.05, 33
1.06, 35
1.07, 42
1.08, 30
1.09, 37
1.10, 34
1.11, 46
1.12, 34
1.13, 26
1.14, 27
1.15, 31
1.16, 46
1.17, 28
1.18, 28
1.19, 39
1.20, 30
1.21, 33
1.22, 27
1.23, 33
1.24, 36
1.25, 35
1.26, 34
1.27, 40
1.28, 53
1.29, 36
1.30, 36
1.31, 23
1.32, 35
1.33, 22
1.34, 32
1.35, 35
1.36, 36
1.37, 30
1.38, 36
1.39, 29
1.40, 30
1.41, 25
1.42, 30
1.43, 26
1.44, 36
1.45, 57
1.46, 57
1.47, 74
1.48, 97
1.49, 91
1.50, 85
1.51, 71
1.52, 93
1.53, 73
1.54, 60
1.55, 49
1.56, 38
1.57, 31
1.58, 31
1.59, 24
1.60, 38
1.61, 22
1.62, 20
1.63, 28
1.64, 29
1.65, 30
1.66, 32
1.67, 37
1.68, 30
1.69, 34
1.70, 40
1.71, 46
1.72, 37
1.73, 67
1.74, 56
1.75, 61
1.76, 58
1.77, 61
1.78, 55
1.79, 35
1.80, 57
1.81, 30
1.82, 35
1.83, 26
1.84, 39
1.85, 25
1.86, 16
1.87, 27
1.88, 31
1.89, 19
1.90, 30
1.91, 25
1.92, 34
1.93, 31
1.94, 17
1.95, 18
1.96, 29
1.97, 33
1.98, 20
1.99, 27
2.00, 31
2.01, 23
2.02, 30
2.03, 33
2.04, 25
2.05, 31
2.06, 30
2.07, 31
2.08, 23
2.09, 21
2.10, 24
2.11, 24
2.12, 19
2.13, 38
2.14, 36
2.15, 33
2.16, 50
2.17, 59
2.18, 60
2.19, 74
2.20, 57
2.21, 74
2.22, 88
2.23, 78
2.24, 82
2.25, 90
2.26, 98
2.27, 132
2.28, 117
2.29, 165
2.30, 161
2.31, 198
2.32, 177
2.33, 171
2.34, 151
2.35, 144
2.36, 113
2.37, 92
2.38, 68
2.39, 48
2.40, 40
2.41, 24
2.42, 31
2.43, 29
2.44, 32
2.45, 42
2.46, 29
2.47, 35
2.48, 36
2.49, 27
2.50, 24
2.51, 21
2.52, 23
2.53, 21
2.54, 20
2.55, 17
2.56, 14
2.57, 25
2.58, 17
2.59, 18
2.60, 22
2.61, 22
2.62, 16
2.63, 22
2.64, 17
2.65, 11
2.66, 15
2.67, 20
2.68, 13
2.69, 15
2.70, 14
2.71, 19
2.72, 16
2.73, 19
2.74, 15
2.75, 22
2.76, 18
2.77, 20
2.78, 19
2.79, 14
2.80, 23
2.81, 15
2.82, 15
2.83, 12
2.84, 13
2.85, 18
2.86, 22
2.87, 16
2.88, 17
2.89, 14
2.90, 14
2.91, 21
2.92, 14
2.93, 17
2.94, 17
2.95, 26
2.96, 15
2.97, 15
2.98, 22
2.99, 7
3.00, 10
3.01, 21
3.02, 23
3.03, 11
3.04, 15
3.05, 24
3.06, 22
3.07, 12
3.08, 14
3.09, 11
3.10, 11
3.11, 15
3.12, 16
3.13, 18
3.14, 8
3.15, 13
3.16, 17
3.17, 25
3.18, 14
3.19, 12
3.20, 21
3.21, 7
3.22, 12
3.23, 10
3.24, 13
3.25, 19
3.26, 13
3.27, 14
3.28, 20
3.29, 15
3.30, 11
3.31, 19
3.32, 10
3.33, 13
3.34, 14
3.35, 19
3.36, 13
3.37, 17
3.38, 12
3.39, 10
3.40, 12
3.41, 15
3.42, 16
3.43, 8
3.44, 12
3.45, 16
3.46, 25
3.47, 11
3.48, 10
3.49, 22
3.50, 12
3.51, 21
3.52, 7
3.53, 14
3.54, 17
3.55, 11
3.56, 8
3.57, 11
3.58, 15
3.59, 22
3.60, 18
3.61, 29
3.62, 46
3.63, 36
3.64, 54
3.65, 63
3.66, 90
3.67, 111
3.68, 120
3.69, 140
3.70, 128
3.71, 129
3.72, 130
3.73, 96
3.74, 109
3.75, 76
3.76, 71
3.77, 51
3.78, 40
3.79, 24
3.80, 25
3.81, 20
3.82, 18
3.83, 14
3.84, 9
3.85, 14
3.86, 14
3.87, 17
3.88, 6
3.89, 7
3.90, 15
3.91, 14
3.92, 16
3.93, 11
3.94, 15
3.95, 16
3.96, 24
3.97, 19
3.98, 23
3.99, 22
4.00, 35
4.01, 33
4.02, 35
4.03, 23
4.04, 26
4.05, 30
4.06, 17
4.07, 34
4.08, 15
4.09, 17
4.10, 17
4.11, 13
4.12, 10
4.13, 6
4.14, 19
4.15, 11
4.16, 10
4.17, 8
4.18, 9
4.19, 9
4.20, 10
4.21, 21
4.22, 11
4.23, 5
4.24, 9
4.25, 6
4.26, 10
4.27, 10
4.28, 11
4.29, 12
4.30, 9
4.31, 14
4.32, 10
4.33, 15
4.34, 14
4.35, 11
4.36, 13
4.37, 12
4.38, 15
4.39, 19
4.40, 26
4.41, 16
4.42, 26
4.43, 31
4.44, 35
4.45, 31
4.46, 42
4.47, 52
4.48, 53
4.49, 44
4.50, 41
4.51, 42
4.52, 55
4.53, 35
4.54, 24
4.55, 32
4.56, 16
4.57, 20
4.58, 9
4.59, 12
4.60, 9
4.61, 7
4.62, 5
4.63, 5
4.64, 11
4.65, 6
4.66, 3
4.67, 10
4.68, 9
4.69, 9
4.70, 5
4.71, 8
4.72, 12
4.73, 7
4.74, 14
4.75, 12
4.76, 9
4.77, 17
4.78, 22
4.79, 21
4.80, 19
4.81, 27
4.82, 26
4.83, 27
4.84, 24
4.85, 21
4.86, 34
4.87, 12
4.88, 12
4.89, 33
4.90, 24
4.91, 24
4.92, 17
4.93, 9
4.94, 9
4.95, 19
4.96, 18
4.97, 11
4.98, 10
4.99, 13
5.00, 17
5.01, 11
5.02, 5
5.03, 14
5.04, 9
5.05, 6
5.06, 6
5.07, 10
5.08, 6
5.09, 7
5.10, 13
5.11, 7
5.12, 17
5.13, 18
5.14, 19
5.15, 16
5.16, 11
5.17, 10
5.18, 5
5.19, 7
5.20, 18
5.21, 5
5.22, 11
5.23, 19
5.24, 11
5.25, 13
5.26, 9
5.27, 7
5.28, 6
5.29, 9
5.30, 4
5.31, 5
5.32, 9
5.33, 6
5.34, 12
5.35, 6
5.36, 12
5.37, 10
5.38, 8
5.39, 6
5.40, 5
5.41, 9
5.42, 11
5.43, 4
5.44, 8
5.45, 7
5.46, 10
5.47, 7
5.48, 5
5.49, 8
5.50, 9
5.51, 8
5.52, 10
5.53, 5
5.54, 13
5.55, 13
5.56, 14
5.57, 9
5.58, 4
5.59, 4
5.60, 8
5.61, 6
5.62, 13
5.63, 6
5.64, 1
5.65, 7
5.66, 6
5.67, 5
5.68, 5
5.69, 10
5.70, 11
5.71, 6
5.72, 7
5.73, 7
5.74, 4
5.75, 9
5.76, 6
5.77, 6
5.78, 10
5.79, 8
5.80, 7
5.81, 5
5.82, 5
5.83, 7
5.84, 9
5.85, 12
5.86, 6
5.87, 10
5.88, 10
5.89, 9
5.90, 10
5.91, 5
5.92, 7
5.93, 5
5.94, 6
5.95, 7
5.96, 5
5.97, 11
5.98, 7
5.99, 4
6.00, 5
6.01, 3
6.02, 6
6.03, 7
6.04, 2
6.05, 3
6.06, 7
6.07, 6
6.08, 8
6.09, 6
6.10, 8
6.11, 7
6.12, 8
6.13, 12
6.14, 10
6.15, 2
6.16, 10
6.17, 3
6.18, 3
6.19, 5
6.20, 5
6.21, 5
6.22, 8
6.23, 4
6.24, 8
6.25, 7
6.26, 3
6.27, 6
6.28, 10
6.29, 9
6.30, 3
6.31, 6
6.32, 8
6.33, 10
6.34, 9
6.35, 9
6.36, 10
6.37, 11
6.38, 8
6.39, 13
6.40, 11
6.41, 4
6.42, 13
6.43, 5
6.44, 4
6.45, 8
6.46, 8
6.47, 8
6.48, 5
6.49, 3
6.50, 3
6.51, 9
6.52, 4
6.53, 3
6.54, 6
6.55, 8
6.56, 5
6.57, 2
6.58, 5
6.59, 7
6.60, 9
6.61, 1
6.62, 6
6.63, 3
6.64, 6
6.65, 5
6.66, 5
6.67, 5
6.68, 8
6.69, 4
6.70, 7
6.71, 8
6.72, 7
6.73, 4
6.74, 5
6.75, 8
6.76, 4
6.77, 1
6.78, 4
6.79, 6
6.80, 7
6.81, 4
6.82, 6
6.83, 4
6.84, 6
6.85, 1
6.86, 5
6.87, 8
6.88, 5
6.89, 6
6.90, 4
6.91, 2
6.92, 3
6.93, 4
6.94, 4
6.95, 3
6.96, 5
6.97, 4
6.98, 3
6.99, 5
7.00, 2
7.01, 7
7.02, 5
7.03, 4
7.04, 9
7.05, 6
7.06, 5
7.07, 9
7.08, 4
7.09, 6
7.10, 4
7.11, 6
7.12, 4
7.13, 3
7.14, 4
7.15, 3
7.16, 4
7.17, 6
7.18, 12
7.19, 6
7.20, 5
7.21, 3
7.22, 1
7.23, 4
7.24, 8
7.25, 4
7.26, 4
7.27, 3
7.28, 5
7.29, 4
7.30, 5
7.31, 5
7.32, 5
7.33, 8
7.34, 6
7.35, 6
7.36, 7
7.37, 4
7.38, 7
7.39, 6
7.40, 3
7.41, 3
7.42, 2
7.43, 4
7.44, 6
7.45, 5
7.46, 4
7.47, 2
7.48, 5
7.49, 5
7.50, 6
7.51, 6
7.52, 1
7.53, 5
7.54, 3
7.55, 1
7.56, 5
7.57, 3
7.58, 3
7.59, 4
7.60, 4
7.61, 4
7.62, 4
7.63, 1
7.64, 3
7.65, 2
7.66, 0
7.67, 5
7.68, 5
7.69, 4
7.70, 4
7.71, 6
7.72, 5
7.73, 7
7.74, 5
7.75, 2
7.76, 3
7.77, 4
7.78, 3
7.79, 2
7.80, 7
7.81, 1
7.82, 6
7.83, 6
7.84, 5
7.85, 1
7.86, 4
7.87, 2
7.88, 7
7.89, 5
7.90, 2
7.91, 5
7.92, 6
7.93, 1
7.94, 3
7.95, 4
7.96, 5
7.97, 5
7.98, 3
7.99, 1
8.00, 5
8.01, 5
8.02, 2
8.03, 5
8.04, 0
8.05, 5
8.06, 5
8.07, 7
8.08, 5
8.09, 2
8.10, 2
8.11, 1
8.12, 3
8.13, 3
8.14, 5
8.15, 0
8.16, 0
8.17, 6
8.18, 1
8.19, 2
8.20, 1
8.21, 5
8.22, 6
8.23, 3
8.24, 3
8.25, 3
8.26, 3
8.27, 1
8.28, 3
8.29, 2
8.30, 6
8.31, 2
8.32, 3
8.33, 2
8.34, 2
8.35, 4
8.36, 3
8.37, 6
8.38, 1
8.39, 2
8.40, 7
8.41, 3
8.42, 1
8.43, 10
8.44, 4
8.45, 2
8.46, 3
8.47, 1
8.48, 3
8.49, 5
8.50, 5
8.51, 5
8.52, 2
8.53, 0
8.54, 1
8.55, 3
8.56, 4
8.57, 1
8.58, 3
8.59, 0
8.60, 3
8.61, 3
8.62, 1
8.63, 0
8.64, 9
8.65, 4
8.66, 5
8.67, 1
8.68, 1
8.69, 3
8.70, 4
8.71, 1
8.72, 4
8.73, 4
8.74, 4
8.75, 3
8.76, 5
8.77, 2
8.78, 3
8.79, 3
8.80, 4
8.81, 2
8.82, 3
8.83, 4
8.84, 2
8.85, 1
8.86, 4
8.87, 1
8.88, 2
8.89, 4
8.90, 6
8.91, 0
8.92, 2
8.93, 2
8.94, 1
8.95, 1
8.96, 4
8.97, 5
8.98, 0
8.99, 1
9.00, 3
9.01, 1
9.02, 0
9.03, 0
9.04, 7
9.05, 1
9.06, 2
9.07, 4
9.08, 3
9.09, 1
9.10, 2
9.11, 3
9.12, 4
9.13, 4
9.14, 6
9.15, 6
9.16, 3
9.17, 1
9.18, 0
9.19, 2
9.20, 0
9.21, 1
9.22, 2
9.23, 3
9.24, 1
9.25, 0
9.26, 3
9.27, 1
9.28, 1
9.29, 2
9.30, 0
9.31, 3
9.32, 4
9.33, 2
9.34, 4
9.35, 1
9.36, 0
9.37, 1
9.38, 0
9.39, 2
9.40, 3
9.41, 3
9.42, 1
9.43, 4
9.44, 2
9.45, 2
9.46, 1
9.47, 4
9.48, 1
9.49, 1
9.50, 3
9.51, 1
9.52, 0
9.53, 2
9.54, 2
9.55, 2
9.56, 0
9.57, 1
9.58, 4
9.59, 2
9.60, 2
9.61, 2
9.62, 2
9.63, 3
9.64, 1
9.65, 2
9.66, 1
9.67, 0
9.68, 1
9.69, 1
9.70, 0
9.71, 2
9.72, 4
9.73, 2
9.74, 1
9.75, 1
9.76, 0
9.77, 5
9.78, 1
9.79, 2
9.80, 1
9.81, 1
9.82, 2
9.83, 2
9.84, 2
9.85, 3
9.86, 5
9.87, 4
9.88, 6
9.89, 2
9.90, 0
9.91, 1
9.92, 1
9.93, 1
9.94, 2
9.95, 4
9.96, 1
9.97, 4
9.98, 0
9.99, 2
10.00, 2
10.01, 0
10.02, 0
10.03, 0
10.04, 1
10.05, 1
10.06, 0
10.07, 1
10.08, 2
10.09, 1
10.10, 1
10.11, 0
10.12, 1
10.13, 4
10.14, 0
10.15, 2
10.16, 0
10.17, 2
10.18, 1
10.19, 2
10.20, 3
10.21, 2
10.22, 2
10.23, 5
10.24, 2
10.25, 4
10.26, 1
10.27, 1
10.28, 2
10.29, 1
10.30, 0
10.31, 3
10.32, 0
10.33, 0
10.34, 1
10.35, 1
10.36, 1
10.37, 4
10.38, 1
10.39, 0
10.40, 3
10.41, 1
10.42, 2
10.43, 2
10.44, 1
10.45, 1
10.46, 2
10.47, 2
10.48, 1
10.49, 3
10.50, 2
10.51, 1
10.52, 2
10.53, 3
10.54, 1
10.55, 2
10.56, 2
10.57, 2
10.58, 2
10.59, 0
10.60, 1
10.61, 1
10.62, 1
10.63, 0
10.64, 4
10.65, 5
10.66, 0
10.67, 3
10.68, 2
10.69, 1
10.70, 2
10.71, 2
10.72, 6
10.73, 2
10.74, 1
10.75, 1
10.76, 2
10.77, 2
10.78, 5
10.79, 1
10.80, 2
10.81, 2
10.82, 2
10.83, 0
10.84, 1
10.85, 1
10.86, 3
10.87, 2
10.88, 0
10.89, 2
10.90, 1
10.91, 1
10.92, 1
10.93, 3
10.94, 0
10.95, 2
10.96, 5
10.97, 3
10.98, 1
10.99, 1
11.00, 1
11.01, 0
11.02, 3
11.03, 1
11.04, 0
11.05, 1
11.06, 1
11.07, 5
11.08, 1
11.09, 2
11.10, 2
11.11, 0
11.12, 1
11.13, 1
11.14, 0
11.15, 0
11.16, 2
11.17, 1
11.18, 2
11.19, 0
11.20, 2
11.21, 3
11.22, 1
11.23, 2
11.24, 4
11.25, 3
11.26, 0
11.27, 0
11.28, 0
11.29, 2
11.30, 0
11.31, 1
11.32, 5
11.33, 1
11.34, 0
11.35, 1
11.36, 3
11.37, 1
11.38, 4
11.39, 1
11.40, 0
11.41, 0
11.42, 0
11.43, 2
11.44, 1
11.45, 1
11.46, 0
11.47, 2
11.48, 1
11.49, 1
11.50, 1
11.51, 0
11.52, 1
11.53, 4
11.54, 2
11.55, 0
11.56, 1
11.57, 1
11.58, 1
11.59, 1
11.60, 3
11.61, 2
11.62, 1
11.63, 1
11.64, 1
11.65, 1
11.66, 1
11.67, 2
11.68, 0
11.69, 1
11.70, 1
11.71, 3
11.72, 1
11.73, 2
11.74, 2
11.75, 0
11.76, 1
11.77, 2
11.78, 2
11.79, 1
11.80, 0
11.81, 1
11.82, 3
11.83, 1
11.84, 3
11.85, 1
11.86, 1
11.87, 2
11.88, 3
11.89, 1
11.90, 1
11.91, 0
11.92, 1
11.93, 1
11.94, 2
11.95, 3
11.96, 1
11.97, 2
11.98, 1
11.99, 3
12.00, 4
12.01, 0
12.02, 3
12.03, 3
12.04, 0
12.05, 3
12.06, 1
12.07, 1
12.08, 1
12.09, 0
12.10, 0
12.11, 0
12.12, 2
12.13, 0
12.14, 0
12.15, 2
12.16, 1
12.17, 1
12.18, 2
12.19, 4
12.20, 4
12.21, 0
12.22, 3
12.23, 2
12.24, 2
12.25, 1
12.26, 0
12.27, 3
12.28, 3
12.29, 0
12.30, 1
12.31, 3
12.32, 1
12.33, 2
12.34, 0
12.35, 0
12.36, 1
12.37, 3
12.38, 1
12.39, 3
12.40, 2
12.41, 0
12.42, 1
12.43, 1
12.44, 2
12.45, 1
12.46, 1
12.47, 2
12.48, 1
12.49, 2
12.50, 0
12.51, 2
12.52, 0
12.53, 1
12.54, 2
12.55, 1
12.56, 0
12.57, 3
12.58, 1
12.59, 1
12.60, 2
12.61, 2
12.62, 0
12.63, 4
12.64, 2
12.65, 2
12.66, 1
12.67, 3
12.68, 2
12.69, 0
12.70, 4
12.71, 3
12.72, 2
12.73, 3
12.74, 1
12.75, 0
12.76, 2
12.77, 0
12.78, 1
12.79, 1
12.80, 1
12.81, 2
12.82, 1
12.83, 5
12.84, 3
12.85, 1
12.86, 1
12.87, 0
12.88, 0
12.89, 1
12.90, 1
12.91, 0
12.92, 1
12.93, 0
12.94, 2
12.95, 1
12.96, 1
12.97, 1
12.98, 3
12.99, 1
13.00, 3
13.01, 4
13.02, 1
13.03, 1
13.04, 0
13.05, 1
13.06, 0
13.07, 2
13.08, 2
13.09, 1
13.10, 4
13.11, 0
13.12, 3
13.13, 2
13.14, 3
13.15, 4
13.16, 1
13.17, 4
13.18, 2
13.19, 2
13.20, 1
13.21, 2
13.22, 3
13.23, 0
13.24, 1
13.25, 0
13.26, 3
13.27, 1
13.28, 1
13.29, 2
13.30, 1
13.31, 2
13.32, 0
13.33, 4
13.34, 1
13.35, 1
13.36, 1
13.37, 2
13.38, 1
13.39, 1
13.40, 2
13.41, 1
13.42, 5
13.43, 3
13.44, 3
13.45, 2
13.46, 2
13.47, 1
13.48, 1
13.49, 1
13.50, 1
13.51, 3
13.52, 4
13.53, 1
13.54, 0
13.55, 3
13.56, 2
13.57, 2
13.58, 1
13.59, 2
13.60, 3
13.61, 2
13.62, 0
13.63, 2
13.64, 1
13.65, 0
13.66, 2
13.67, 0
13.68, 1
13.69, 0
13.70, 2
13.71, 2
13.72, 2
13.73, 3
13.74, 0
13.75, 1
13.76, 0
13.77, 0
13.78, 1
13.79, 1
13.80, 2
13.81, 1
13.82, 2
13.83, 2
13.84, 1
13.85, 1
13.86, 2
13.87, 1
13.88, 1
13.89, 3
13.90, 2
13.91, 1
13.92, 2
13.93, 3
13.94, 1
13.95, 2
13.96, 2
13.97, 3
13.98, 3
13.99, 2
14.00, 2
14.01, 1
14.02, 1
14.03, 2
14.04, 4
14.05, 2
14.06, 1
14.07, 0
14.08, 3
14.09, 2
14.10, 1
14.11, 0
14.12, 4
14.13, 3
14.14, 1
14.15, 1
14.16, 1
14.17, 2
14.18, 2
14.19, 2
14.20, 0
14.21, 1
14.22, 3
14.23, 2
14.24, 1
14.25, 1
14.26, 2
14.27, 2
14.28, 2
14.29, 1
14.30, 1
14.31, 2
14.32, 1
14.33, 4
14.34, 1
14.35, 1
14.36, 1
14.37, 1
14.38, 0
14.39, 2
14.40, 2
14.41, 1
14.42, 2
14.43, 2
14.44, 0
14.45, 0
14.46, 0
14.47, 1
14.48, 2
14.49, 3
14.50, 2
14.51, 3
14.52, 2
14.53, 2
14.54, 2
14.55, 1
14.56, 2
14.57, 0
14.58, 1
14.59, 1
14.60, 1
14.61, 1
14.62, 4
14.63, 3
14.64, 2
14.65, 1
14.66, 2
14.67, 1
14.68, 3
14.69, 0
14.70, 2
14.71, 2
14.72, 1
14.73, 1
14.74, 2
14.75, 4
14.76, 1
14.77, 0
14.78, 2
14.79, 1
14.80, 4
14.81, 1
14.82, 1
14.83, 2
14.84, 2
14.85, 2
14.86, 2
14.87, 1
14.88, 3
14.89, 1
14.90, 0
14.91, 1
14.92, 1
14.93, 1
14.94, 2
14.95, 0
14.96, 0
14.97, 1
14.98, 2
14.99, 1
15.00, 0
15.01, 1
15.02, 2
15.03, 2
15.04, 1
15.05, 0
15.06, 2
15.07, 1
15.08, 1
15.09, 0
15.10, 0
15.11, 1
15.12, 1
15.13, 0
15.14, 2
15.15, 0
15.16, 1
15.17, 2
15.18, 3
15.19, 0
15.20, 4
15.21, 1
15.22, 1
15.23, 1
15.24, 1
15.25, 1
15.26, 3
15.27, 1
15.28, 2
15.29, 2
15.30, 1
15.31, 1
15.32, 5
15.33, 1
15.34, 1
15.35, 1
15.36, 1
15.37, 2
15.38, 2
15.39, 2
15.40, 0
15.41, 1
15.42, 1
15.43, 1
15.44, 4
15.45, 0
15.46, 0
15.47, 0
15.48, 1
15.49, 2
15.50, 3
15.51, 1
15.52, 0
15.53, 0
15.54, 1
15.55, 1
15.56, 2
15.57, 2
15.58, 2
15.59, 2
15.60, 1
15.61, 1
15.62, 1
15.63, 1
15.64, 1
15.65, 1
15.66, 2
15.67, 1
15.68, 1
15.69, 0
15.70, 1
15.71, 3
15.72, 2
15.73, 0
15.74, 1
15.75, 1
15.76, 2
15.77, 2
15.78, 0
15.79, 1
15.80, 2
15.81, 0
15.82, 3
15.83, 1
15.84, 0
15.85, 0
15.86, 0
15.87, 1
15.88, 1
15.89, 3
15.90, 4
15.91, 4
15.92, 2
15.93, 1
15.94, 1
15.95, 0
15.96, 0
15.97, 1
15.98, 1
15.99, 1
16.00, 2
16.01, 0
16.02, 3
16.03, 1
16.04, 2
16.05, 1
16.06, 1
16.07, 3
16.08, 2
16.09, 0
16.10, 1
16.11, 4
16.12, 1
16.13, 0
16.14, 1
16.15, 2
16.16, 0
16.17, 1
16.18, 2
16.19, 0
16.20, 1
16.21, 0
16.22, 0
16.23, 2
16.24, 2
16.25, 1
16.26, 1
16.27, 1
16.28, 0
16.29, 1
16.30, 1
16.31, 2
16.32, 2
16.33, 1
16.34, 1
16.35, 0
16.36, 0
16.37, 0
16.38, 1
16.39, 1
16.40, 0
16.41, 0
16.42, 1
16.43, 0
16.44, 0
16.45, 1
16.46, 1
16.47, 0
16.48, 2
16.49, 1
16.50, 3
16.51, 1
16.52, 1
16.53, 0
16.54, 0
16.55, 1
16.56, 0
16.57, 0
16.58, 0
16.59, 1
16.60, 2
16.61, 3
16.62, 1
16.63, 3
16.64, 0
16.65, 2
16.66, 1
16.67, 0
16.68, 0
16.69, 3
16.70, 1
16.71, 1
16.72, 0
16.73, 0
16.74, 0
16.75, 3
16.76, 1
16.77, 1
16.78, 1
16.79, 0
16.80, 0
16.81, 1
16.82, 2
16.83, 0
16.84, 0
16.85, 0
16.86, 1
16.87, 0
16.88, 0
16.89, 0
16.90, 0
16.91, 0
16.92, 3
16.93, 0
16.94, 2
16.95, 2
16.96, 2
16.97, 2
16.98, 0
16.99, 2
17.00, 0
17.01, 2
17.02, 2
17.03, 1
17.04, 1
17.05, 0
17.06, 1
17.07, 1
17.08, 1
17.09, 2
17.10, 1
17.11, 2
17.12, 0
17.13, 0
17.14, 2
17.15, 1
17.16, 0
17.17, 2
17.18, 1
17.19, 1
17.20, 2
17.21, 1
17.22, 1
17.23, 1
17.24, 0
17.25, 1
17.26, 0
17.27, 1
17.28, 0
17.29, 0
17.30, 1
17.31, 0
17.32, 0
17.33, 1
17.34, 1
17.35, 1
17.36, 0
17.37, 3
17.38, 1
17.39, 1
17.40, 2
17.41, 0
17.42, 1
17.43, 2
17.44, 1
17.45, 0
17.46, 0
17.47, 1
17.48, 1
17.49, 0
17.50, 2
17.51, 1
17.52, 0
17.53, 0
17.54, 0
17.55, 1
17.56, 0
17.57, 0
17.58, 2
17.59, 0
17.60, 1
17.61, 0
17.62, 1
17.63, 1
17.64, 0
17.65, 0
17.66, 1
17.67, 1
17.68, 0
17.69, 1
17.70, 0
17.71, 0
17.72, 0
17.73, 2
17.74, 0
17.75, 1
17.76, 2
17.77, 0
17.78, 1
17.79, 0
17.80, 3
17.81, 0
17.82, 0
17.83, 0
17.84, 0
17.85, 0
17.86, 0
17.87, 1
17.88, 0
17.89, 0
17.90, 0
17.91, 1
17.92, 0
17.93, 1
17.94, 1
17.95, 0
17.96, 1
17.97, 1
17.98, 3
17.99, 1
18.00, 1
18.01, 0
18.02, 0
18.03, 1
18.04, 0
18.05, 0
18.06, 0
18.07, 0
18.08, 0
18.09, 0
18.10, 0
18.11, 0
18.12, 0
18.13, 0
18.14, 0
18.15, 0
18.16, 0
18.17, 0
18.18, 0
18.19, 0
18.20, 0
18.21, 2
18.22, 0
18.23, 1
18.24, 0
18.25, 1
18.26, 0
18.27, 0
18.28, 0
18.29, 0
18.30, 0
18.31, 0
18.32, 2
18.33, 1
18.34, 0
18.35, 0
18.36, 0
18.37, 1
18.38, 0
18.39, 1
18.40, 0
18.41, 0
18.42, 2
18.43, 1
18.44, 0
18.45, 0
18.46, 0
18.47, 0
18.48, 0
18.49, 0
18.50, 0
18.51, 0
18.52, 2
18.53, 2
18.54, 0
18.55, 0
18.56, 0
18.57, 1
18.58, 0
18.59, 0
18.60, 0
18.61, 0
18.62, 0
18.63, 1
18.64, 0
18.65, 0
18.66, 0
18.67, 0
18.68, 0
18.69, 0
18.70, 0
18.71, 0
18.72, 0
18.73, 0
18.74, 0
18.75, 0
18.76, 0
18.77, 0
18.78, 0
18.79, 0
18.80, 0
18.81, 1
18.82, 0
18.83, 0
18.84, 0
18.85, 0
18.86, 0
18.87, 0
18.88, 0
18.89, 0
18.90, 0
18.91, 0
18.92, 0
18.93, 0
18.94, 0
18.95, 0
18.96, 0
18.97, 0
18.98, 0
18.99, 0
19.00, 0
19.01, 0
19.02, 0
19.03, 0
19.04, 0
19.05, 0
19.06, 0
19.07, 0
19.08, 0
19.09, 0
19.10, 0
19.11, 0
19.12, 0
19.13, 0
19.14, 0
19.15, 0
19.16, 0
19.17, 0
19.18, 1
19.19, 0
19.20, 0
19.21, 0
19.22, 0
19.23, 0
19.24, 0
19.25, 0
19.26, 0
19.27, 0
19.28, 0
19.29, 0
19.30, 0
19.31, 0
19.32, 0
19.33, 0
19.34, 0
19.35, 0
19.36, 0
19.37, 0
19.38, 0
19.39, 0
19.40, 0
19.41, 0
19.42, 0
19.43, 0
19.44, 0
19.45, 0
19.46, 0
19.47, 0
19.48, 0
19.49, 0
19.50, 0
19.51, 0
19.52, 0
19.53, 0
19.54, 0
19.55, 0
19.56, 0
19.57, 0
19.58, 0
19.59, 0
19.60, 0
19.61, 0
19.62, 0
19.63, 0
19.64, 0
19.65, 0
19.66, 0
19.67, 0
19.68, 0
19.69, 0
19.70, 0
19.71, 0
19.72, 0
19.73, 0
19.74, 0
19.75, 0
19.76, 0
19.77, 0
19.78, 0
19.79, 0
19.80, 0
19.81, 0
19.82, 0
19.83, 0
19.84, 0
19.85, 0
19.86, 0
19.87, 0
19.88, 0
19.89, 0
19.90, 0
19.91, 0
19.92, 0
19.93, 0
19.94, 0
19.95, 0
19.96, 0
19.97, 0
19.98, 0
19.99, 0
20.00, 0
20.01, 0
20.02, 0
20.03, 0
20.04, 0
20.05, 0
20.06, 0
20.07, 0
20.08, 0
20.09, 0
20.10, 0
20.11, 0
20.12, 0
20.13, 0
20.14, 0
20.15, 0
20.16, 0
20.17, 0
20.18, 0
20.19, 0
20.20, 0
20.21, 0
20.22, 0
20.23, 0
20.24, 0
20.25, 0
20.26, 0
20.27, 0
20.28, 0
20.29, 0
20.30, 0
20.31, 0
20.32, 0
20.33, 0
20.34, 0
20.35, 0
20.36, 0
20.37, 0
20.38, 0
20.39, 0
20.40, 0
20.41, 0
20.42, 0
20.43, 0
20.44, 0
20.45, 0
20.46, 0
20.47, 0
