0.00, 0
0.01, 0
0.02, 0
0.03, 0
0.04, 0
0.05, 0
0.06, 0
0.07, 50
0.08, 17
0.09, 6
0.10, 6
0.11, 2
0.12, 8
0.13, 7
0.14, 7
0.15, 8
0.16, 9
0.17, 8
0.18, 9
0.19, 12
0.20, 15
0.21, 22
0.22, 34
0.23, 75
0.24, 146
0.25, 305
0.26, 447
0.27, 571
0.28, 679
0.29, 626
0.30, 382
0.31, 248
0.32, 101
0.33, 42
0.34, 13
0.35, 8
0.36, 5
0.37, 20
0.38, 12
0.39, 11
0.40, 16
0.41, 9
0.42, 17
0.43, 12
0.44, 16
0.45, 29
0.46, 31
0.47, 61
0.48, 121
0.49, 252
0.50, 453
0.51, 633
0.52, 812
0.53, 864
0.54, 781
0.55, 617
0.56, 395
0.57, 216
0.58, 97
0.59, 54
0.60, 23
0.61, 8
0.62, 17
0.63, 6
0.64, 12
0.65, 14
0.66, 13
0.67, 16
0.68, 11
0.69, 15
0.70, 19
0.71, 27
0.72, 6
0.73, 14
0.74, 19
0.75, 16
0.76, 12
0.77, 13
0.78, 14
0.79, 14
0.80, 12
0.81, 18
0.82, 16
0.83, 16
0.84, 11
0.85, 21
0.86, 12
0.87, 24
0.88, 16
0.89, 14
0.90, 9
0.91, 17
0.92, 25
0.93, 23
0.94, 14
0.95, 18
0.96, 23
0.97, 23
0.98, 14
0.99, 27
1.00, 24
1.01, 30
1.02, 58
1.03, 61
1.04, 64
1.05, 74
1.06, 67
1.07, 58
1.08, 46
1.09, 29
1.10, 40
1.11, 24
1.12, 23
1.13, 22
1.14, 28
1.15, 12
1.16, 22
1.17, 17
1.18, 17
1.19, 16
1.20, 11
1.21, 19
1.22, 21
1.23, 25
1.24, 22
1.25, 27
1.26, 41
1.27, 59
1.28, 48
1.29, 44
1.30, 50
1.31, 36
1.32, 45
1.33, 35
1.34, 45
1.35, 30
1.36, 23
1.37, 22
1.38, 21
1.39, 20
1.40, 24
1.41, 29
1.42, 37
1.43, 59
1.44, 85
1.45, 108
1.46, 140
1.47, 166
1.48, 263
1.49, 271
1.50, 279
1.51, 263
1.52, 194
1.53, 186
1.54, 110
1.55, 79
1.56, 64
1.57, 38
1.58, 24
1.59, 23
1.60, 18
1.61, 17
1.62, 15
1.63, 18
1.64, 14
1.65, 13
1.66, 28
1.67, 23
1.68, 34
1.69, 58
1.70, 82
1.71, 128
1.72, 139
1.73, 171
1.74, 227
1.75, 190
1.76, 185
1.77, 194
1.78, 136
1.79, 129
1.80, 71
1.81, 49
1.82, 40
1.83, 28
1.84, 18
1.85, 21
1.86, 23
1.87, 17
1.88, 9
1.89, 14
1.90, 14
1.91, 7
1.92, 17
1.93, 14
1.94, 12
1.95, 17
1.96, 19
1.97, 9
1.98, 14
1.99, 13
2.00, 12
2.01, 18
2.02, 13
2.03, 13
2.04, 20
2.05, 9
2.06, 16
2.07, 13
2.08, 12
2.09, 15
2.10, 15
2.11, 13
2.12, 11
2.13, 23
2.14, 15
2.15, 15
2.16, 14
2.17, 15
2.18, 12
2.19, 15
2.20, 11
2.21, 15
2.22, 11
2.23, 13
2.24, 11
2.25, 18
2.26, 28
2.27, 29
2.28, 33
2.29, 30
2.30, 46
2.31, 45
2.32, 48
2.33, 46
2.34, 45
2.35, 42
2.36, 25
2.37, 29
2.38, 25
2.39, 14
2.40, 13
2.41, 6
2.42, 12
2.43, 21
2.44, 19
2.45, 13
2.46, 18
2.47, 13
2.48, 13
2.49, 12
2.50, 11
2.51, 8
2.52, 14
2.53, 14
2.54, 12
2.55, 10
2.56, 17
2.57, 14
2.58, 8
2.59, 12
2.60, 9
2.61, 10
2.62, 16
2.63, 18
2.64, 16
2.65, 13
2.66, 12
2.67, 16
2.68, 11
2.69, 11
2.70, 5
2.71, 18
2.72, 9
2.73, 11
2.74, 13
2.75, 7
2.76, 7
2.77, 9
2.78, 7
2.79, 11
2.80, 8
2.81, 12
2.82, 7
2.83, 13
2.84, 14
2.85, 12
2.86, 10
2.87, 10
2.88, 8
2.89, 8
2.90, 6
2.91, 10
2.92, 11
2.93, 10
2.94, 4
2.95, 9
2.96, 12
2.97, 7
2.98, 15
2.99, 15
3.00, 7
3.01, 10
3.02, 7
3.03, 7
3.04, 8
3.05, 19
3.06, 7
3.07, 1
3.08, 8
3.09, 9
3.10, 9
3.11, 15
3.12, 7
3.13, 9
3.14, 9
3.15, 7
3.16, 10
3.17, 10
3.18, 7
3.19, 9
3.20, 10
3.21, 3
3.22, 11
3.23, 8
3.24, 4
3.25, 10
3.26, 13
3.27, 15
3.28, 24
3.29, 23
3.30, 22
3.31, 17
3.32, 22
3.33, 32
3.34, 27
3.35, 24
3.36, 21
3.37, 18
3.38, 25
3.39, 19
3.40, 13
3.41, 8
3.42, 16
3.43, 6
3.44, 5
3.45, 11
3.46, 4
3.47, 9
3.48, 7
3.49, 9
3.50, 6
3.51, 8
3.52, 5
3.53, 6
3.54, 7
3.55, 13
3.56, 5
3.57, 7
3.58, 9
3.59, 11
3.60, 11
3.61, 9
3.62, 6
3.63, 5
3.64, 8
3.65, 11
3.66, 7
3.67, 13
3.68, 14
3.69, 9
3.70, 16
3.71, 20
3.72, 12
3.73, 16
3.74, 12
3.75, 11
3.76, 15
3.77, 3
3.78, 11
3.79, 6
3.80, 5
3.81, 8
3.82, 4
3.83, 9
3.84, 6
3.85, 4
3.86, 7
3.87, 4
3.88, 6
3.89, 6
3.90, 5
3.91, 6
3.92, 6
3.93, 8
3.94, 7
3.95, 5
3.96, 6
3.97, 6
3.98, 5
3.99, 7
4.00, 5
4.01, 5
4.02, 3
4.03, 4
4.04, 4
4.05, 9
4.06, 6
4.07, 5
4.08, 5
4.09, 6
4.10, 4
4.11, 7
4.12, 8
4.13, 5
4.14, 5
4.15, 5
4.16, 4
4.17, 11
4.18, 5
4.19, 6
4.20, 9
4.21, 2
4.22, 11
4.23, 5
4.24, 2
4.25, 3
4.26, 7
4.27, 2
4.28, 2
4.29, 4
4.30, 4
4.31, 8
4.32, 8
4.33, 5
4.34, 6
4.35, 5
4.36, 6
4.37, 7
4.38, 6
4.39, 5
4.40, 9
4.41, 12
4.42, 6
4.43, 6
4.44, 3
4.45, 3
4.46, 10
4.47, 10
4.48, 14
4.49, 7
4.50, 7
4.51, 3
4.52, 8
4.53, 3
4.54, 7
4.55, 5
4.56, 7
4.57, 3
4.58, 2
4.59, 5
4.60, 5
4.61, 5
4.62, 4
4.63, 4
4.64, 5
4.65, 5
4.66, 6
4.67, 3
4.68, 2
4.69, 0
4.70, 2
4.71, 4
4.72, 4
4.73, 4
4.74, 2
4.75, 4
4.76, 2
4.77, 7
4.78, 4
4.79, 3
4.80, 8
4.81, 3
4.82, 7
4.83, 6
4.84, 1
4.85, 7
4.86, 8
4.87, 5
4.88, 3
4.89, 7
4.90, 5
4.91, 9
4.92, 5
4.93, 5
4.94, 4
4.95, 4
4.96, 9
4.97, 4
4.98, 4
4.99, 3
5.00, 3
5.01, 9
5.02, 0
5.03, 4
5.04, 4
5.05, 5
5.06, 2
5.07, 7
5.08, 5
5.09, 8
5.10, 5
5.11, 4
5.12, 9
5.13, 2
5.14, 7
5.15, 5
5.16, 5
5.17, 2
5.18, 4
5.19, 2
5.20, 5
5.21, 3
5.22, 3
5.23, 6
5.24, 2
5.25, 3
5.26, 2
5.27, 5
5.28, 3
5.29, 6
5.30, 4
5.31, 1
5.32, 5
5.33, 3
5.34, 3
5.35, 3
5.36, 1
5.37, 2
5.38, 2
5.39, 2
5.40, 7
5.41, 9
5.42, 1
5.43, 9
5.44, 3
5.45, 5
5.46, 1
5.47, 3
5.48, 4
5.49, 2
5.50, 3
5.51, 6
5.52, 5
5.53, 2
5.54, 2
5.55, 1
5.56, 4
5.57, 6
5.58, 4
5.59, 5
5.60, 1
5.61, 1
5.62, 6
5.63, 1
5.64, 2
5.65, 6
5.66, 2
5.67, 6
5.68, 1
5.69, 2
5.70, 6
5.71, 1
5.72, 6
5.73, 1
5.74, 7
5.75, 1
5.76, 4
5.77, 3
5.78, 4
5.79, 4
5.80, 4
5.81, 4
5.82, 6
5.83, 4
5.84, 1
5.85, 2
5.86, 5
5.87, 6
5.88, 7
5.89, 2
5.90, 5
5.91, 3
5.92, 1
5.93, 4
5.94, 4
5.95, 2
5.96, 0
5.97, 2
5.98, 7
5.99, 1
6.00, 4
6.01, 4
6.02, 5
6.03, 7
6.04, 5
6.05, 3
6.06, 3
6.07, 1
6.08, 5
6.09, 1
6.10, 2
6.11, 4
6.12, 3
6.13, 5
6.14, 3
6.15, 3
6.16, 1
6.17, 6
6.18, 4
6.19, 1
6.20, 6
6.21, 2
6.22, 5
6.23, 1
6.24, 2
6.25, 4
6.26, 0
6.27, 4
6.28, 4
6.29, 5
6.30, 3
6.31, 2
6.32, 4
6.33, 5
6.34, 4
6.35, 6
6.36, 6
6.37, 2
6.38, 6
6.39, 7
6.40, 6
6.41, 10
6.42, 3
6.43, 9
6.44, 10
6.45, 5
6.46, 8
6.47, 7
6.48, 5
6.49, 5
6.50, 4
6.51, 4
6.52, 4
6.53, 2
6.54, 3
6.55, 2
6.56, 6
6.57, 2
6.58, 4
6.59, 1
6.60, 2
6.61, 0
6.62, 7
6.63, 2
6.64, 1
6.65, 5
6.66, 4
6.67, 3
6.68, 0
6.69, 3
6.70, 5
6.71, 1
6.72, 4
6.73, 1
6.74, 1
6.75, 4
6.76, 1
6.77, 1
6.78, 3
6.79, 2
6.80, 2
6.81, 3
6.82, 4
6.83, 4
6.84, 4
6.85, 4
6.86, 5
6.87, 3
6.88, 1
6.89, 1
6.90, 2
6.91, 3
6.92, 2
6.93, 1
6.94, 2
6.95, 4
6.96, 3
6.97, 1
6.98, 5
6.99, 3
7.00, 1
7.01, 2
7.02, 2
7.03, 3
7.04, 5
7.05, 4
7.06, 1
7.07, 1
7.08, 3
7.09, 2
7.10, 2
7.11, 6
7.12, 1
7.13, 5
7.14, 1
7.15, 2
7.16, 1
7.17, 1
7.18, 5
7.19, 2
7.20, 5
7.21, 2
7.22, 0
7.23, 1
7.24, 2
7.25, 1
7.26, 2
7.27, 4
7.28, 2
7.29, 2
7.30, 2
7.31, 4
7.32, 1
7.33, 1
7.34, 3
7.35, 1
7.36, 2
7.37, 3
7.38, 1
7.39, 0
7.40, 2
7.41, 3
7.42, 2
7.43, 2
7.44, 3
7.45, 0
7.46, 1
7.47, 3
7.48, 4
7.49, 2
7.50, 2
7.51, 4
7.52, 3
7.53, 4
7.54, 0
7.55, 1
7.56, 3
7.57, 1
7.58, 4
7.59, 3
7.60, 6
7.61, 1
7.62, 3
7.63, 1
7.64, 3
7.65, 2
7.66, 3
7.67, 0
7.68, 2
7.69, 5
7.70, 2
7.71, 1
7.72, 6
7.73, 1
7.74, 2
7.75, 3
7.76, 0
7.77, 1
7.78, 5
7.79, 0
7.80, 3
7.81, 2
7.82, 4
7.83, 0
7.84, 1
7.85, 1
7.86, 0
7.87, 2
7.88, 1
7.89, 3
7.90, 1
7.91, 4
7.92, 3
7.93, 1
7.94, 1
7.95, 1
7.96, 2
7.97, 5
7.98, 2
7.99, 1
8.00, 1
8.01, 2
8.02, 1
8.03, 3
8.04, 1
8.05, 3
8.06, 0
8.07, 3
8.08, 5
8.09, 2
8.10, 1
8.11, 1
8.12, 3
8.13, 3
8.14, 5
8.15, 1
8.16, 1
8.17, 1
8.18, 1
8.19, 0
8.20, 2
8.21, 2
8.22, 2
8.23, 1
8.24, 2
8.25, 2
8.26, 1
8.27, 5
8.28, 3
8.29, 1
8.30, 1
8.31, 1
8.32, 0
8.33, 1
8.34, 1
8.35, 2
8.36, 1
8.37, 1
8.38, 3
8.39, 3
8.40, 2
8.41, 4
8.42, 0
8.43, 3
8.44, 2
8.45, 1
8.46, 1
8.47, 2
8.48, 1
8.49, 1
8.50, 4
8.51, 4
8.52, 2
8.53, 4
8.54, 3
8.55, 3
8.56, 1
8.57, 3
8.58, 1
8.59, 0
8.60, 2
8.61, 3
8.62, 1
8.63, 3
8.64, 3
8.65, 1
8.66, 1
8.67, 3
8.68, 4
8.69, 2
8.70, 2
8.71, 2
8.72, 3
8.73, 1
8.74, 1
8.75, 2
8.76, 2
8.77, 0
8.78, 1
8.79, 1
8.80, 2
8.81, 2
8.82, 1
8.83, 0
8.84, 1
8.85, 1
8.86, 0
8.87, 0
8.88, 2
8.89, 1
8.90, 3
8.91, 0
8.92, 2
8.93, 0
8.94, 2
8.95, 2
8.96, 1
8.97, 1
8.98, 1
8.99, 1
9.00, 0
9.01, 2
9.02, 3
9.03, 2
9.04, 3
9.05, 2
9.06, 0
9.07, 2
9.08, 1
9.09, 0
9.10, 0
9.11, 3
9.12, 2
9.13, 2
9.14, 3
9.15, 1
9.16, 2
9.17, 0
9.18, 2
9.19, 1
9.20, 4
9.21, 2
9.22, 0
9.23, 0
9.24, 1
9.25, 0
9.26, 1
9.27, 0
9.28, 3
9.29, 4
9.30, 3
9.31, 1
9.32, 0
9.33, 1
9.34, 1
9.35, 2
9.36, 5
9.37, 0
9.38, 0
9.39, 2
9.40, 1
9.41, 3
9.42, 0
9.43, 2
9.44, 3
9.45, 1
9.46, 6
9.47, 2
9.48, 2
9.49, 1
9.50, 4
9.51, 6
9.52, 1
9.53, 0
9.54, 1
9.55, 2
9.56, 1
9.57, 4
9.58, 1
9.59, 1
9.60, 0
9.61, 0
9.62, 0
9.63, 2
9.64, 1
9.65, 2
9.66, 0
9.67, 1
9.68, 0
9.69, 0
9.70, 1
9.71, 0
9.72, 1
9.73, 2
9.74, 1
9.75, 1
9.76, 1
9.77, 3
9.78, 0
9.79, 2
9.80, 1
9.81, 3
9.82, 0
9.83, 2
9.84, 0
9.85, 0
9.86, 2
9.87, 1
9.88, 0
9.89, 0
9.90, 0
9.91, 1
9.92, 1
9.93, 0
9.94, 0
9.95, 0
9.96, 1
9.97, 0
9.98, 0
9.99, 1
10.00, 0
10.01, 4
10.02, 1
10.03, 1
10.04, 3
10.05, 1
10.06, 5
10.07, 1
10.08, 2
10.09, 1
10.10, 3
10.11, 2
10.12, 1
10.13, 1
10.14, 2
10.15, 0
10.16, 3
10.17, 2
10.18, 1
10.19, 2
10.20, 1
10.21, 1
10.22, 1
10.23, 0
10.24, 1
10.25, 1
10.26, 2
10.27, 1
10.28, 3
10.29, 3
10.30, 2
10.31, 1
10.32, 1
10.33, 0
10.34, 1
10.35, 3
10.36, 1
10.37, 0
10.38, 3
10.39, 0
10.40, 1
10.41, 0
10.42, 0
10.43, 2
10.44, 1
10.45, 0
10.46, 0
10.47, 1
10.48, 0
10.49, 0
10.50, 2
10.51, 1
10.52, 0
10.53, 1
10.54, 3
10.55, 0
10.56, 2
10.57, 0
10.58, 3
10.59, 2
10.60, 0
10.61, 1
10.62, 0
10.63, 0
10.64, 1
10.65, 0
10.66, 3
10.67, 2
10.68, 1
10.69, 1
10.70, 3
10.71, 0
10.72, 1
10.73, 1
10.74, 1
10.75, 2
10.76, 0
10.77, 0
10.78, 1
10.79, 0
10.80, 3
10.81, 2
10.82, 1
10.83, 3
10.84, 1
10.85, 2
10.86, 1
10.87, 2
10.88, 1
10.89, 1
10.90, 1
10.91, 2
10.92, 1
10.93, 1
10.94, 1
10.95, 0
10.96, 0
10.97, 2
10.98, 1
10.99, 1
11.00, 0
11.01, 1
11.02, 1
11.03, 3
11.04, 0
11.05, 0
11.06, 1
11.07, 0
11.08, 0
11.09, 0
11.10, 0
11.11, 0
11.12, 2
11.13, 2
11.14, 0
11.15, 0
11.16, 3
11.17, 0
11.18, 3
11.19, 2
11.20, 0
11.21, 1
11.22, 0
11.23, 0
11.24, 1
11.25, 1
11.26, 0
11.27, 0
11.28, 0
11.29, 1
11.30, 1
11.31, 0
11.32, 1
11.33, 0
11.34, 1
11.35, 1
11.36, 0
11.37, 1
11.38, 0
11.39, 2
11.40, 1
11.41, 2
11.42, 0
11.43, 1
11.44, 0
11.45, 0
11.46, 1
11.47, 0
11.48, 1
11.49, 0
11.50, 0
11.51, 0
11.52, 1
11.53, 3
11.54, 0
11.55, 1
11.56, 1
11.57, 1
11.58, 0
11.59, 2
11.60, 0
11.61, 1
11.62, 1
11.63, 0
11.64, 2
11.65, 0
11.66, 0
11.67, 0
11.68, 1
11.69, 1
11.70, 0
11.71, 0
11.72, 2
11.73, 0
11.74, 1
11.75, 0
11.76, 2
11.77, 1
11.78, 1
11.79, 1
11.80, 1
11.81, 1
11.82, 1
11.83, 0
11.84, 1
11.85, 0
11.86, 0
11.87, 0
11.88, 0
11.89, 1
11.90, 1
11.91, 0
11.92, 0
11.93, 1
11.94, 0
11.95, 0
11.96, 0
11.97, 1
11.98, 0
11.99, 1
12.00, 1
12.01, 1
12.02, 0
12.03, 1
12.04, 0
12.05, 0
12.06, 0
12.07, 2
12.08, 1
12.09, 0
12.10, 0
12.11, 1
12.12, 1
12.13, 2
12.14, 1
12.15, 0
12.16, 0
12.17, 0
12.18, 0
12.19, 1
12.20, 0
12.21, 1
12.22, 0
12.23, 1
12.24, 1
12.25, 0
12.26, 0
12.27, 0
12.28, 1
12.29, 0
12.30, 1
12.31, 0
12.32, 0
12.33, 0
12.34, 1
12.35, 1
12.36, 1
12.37, 0
12.38, 0
12.39, 0
12.40, 0
12.41, 1
12.42, 0
12.43, 2
12.44, 1
12.45, 1
12.46, 0
12.47, 2
12.48, 0
12.49, 0
12.50, 1
12.51, 1
12.52, 2
12.53, 2
12.54, 1
12.55, 0
12.56, 1
12.57, 1
12.58, 0
12.59, 0
12.60, 0
12.61, 0
12.62, 0
12.63, 0
12.64, 2
12.65, 0
12.66, 0
12.67, 2
12.68, 0
12.69, 2
12.70, 0
12.71, 0
12.72, 0
12.73, 0
12.74, 0
12.75, 2
12.76, 2
12.77, 2
12.78, 1
12.79, 0
12.80, 1
12.81, 1
12.82, 0
12.83, 0
12.84, 1
12.85, 1
12.86, 0
12.87, 1
12.88, 1
12.89, 0
12.90, 0
12.91, 0
12.92, 1
12.93, 0
12.94, 3
12.95, 0
12.96, 1
12.97, 0
12.98, 0
12.99, 0
13.00, 0
13.01, 0
13.02, 0
13.03, 0
13.04, 0
13.05, 1
13.06, 1
13.07, 1
13.08, 1
13.09, 2
13.10, 1
13.11, 0
13.12, 1
13.13, 3
13.14, 3
13.15, 1
13.16, 0
13.17, 0
13.18, 2
13.19, 1
13.20, 0
13.21, 0
13.22, 0
13.23, 1
13.24, 1
13.25, 1
13.26, 0
13.27, 1
13.28, 2
13.29, 1
13.30, 0
13.31, 1
13.32, 0
13.33, 1
13.34, 0
13.35, 0
13.36, 0
13.37, 0
13.38, 0
13.39, 0
13.40, 0
13.41, 1
13.42, 1
13.43, 0
13.44, 1
13.45, 0
13.46, 3
13.47, 1
13.48, 0
13.49, 1
13.50, 1
13.51, 0
13.52, 0
13.53, 0
13.54, 0
13.55, 0
13.56, 0
13.57, 0
13.58, 0
13.59, 0
13.60, 1
13.61, 0
13.62, 0
13.63, 0
13.64, 0
13.65, 1
13.66, 1
13.67, 1
13.68, 0
13.69, 0
13.70, 1
13.71, 1
13.72, 0
13.73, 0
13.74, 0
13.75, 1
13.76, 1
13.77, 0
13.78, 0
13.79, 0
13.80, 0
13.81, 1
13.82, 0
13.83, 2
13.84, 0
13.85, 2
13.86, 1
13.87, 0
13.88, 0
13.89, 1
13.90, 0
13.91, 2
13.92, 1
13.93, 0
13.94, 0
13.95, 1
13.96, 1
13.97, 1
13.98, 1
13.99, 0
14.00, 1
14.01, 1
14.02, 0
14.03, 0
14.04, 0
14.05, 1
14.06, 0
14.07, 0
14.08, 0
14.09, 2
14.10, 0
14.11, 1
14.12, 0
14.13, 0
14.14, 2
14.15, 0
14.16, 0
14.17, 0
14.18, 0
14.19, 0
14.20, 0
14.21, 0
14.22, 0
14.23, 1
14.24, 0
14.25, 0
14.26, 0
14.27, 0
14.28, 0
14.29, 1
14.30, 1
14.31, 0
14.32, 0
14.33, 0
14.34, 1
14.35, 0
14.36, 3
14.37, 1
14.38, 1
14.39, 1
14.40, 4
14.41, 0
14.42, 1
14.43, 0
14.44, 0
14.45, 0
14.46, 0
14.47, 0
14.48, 0
14.49, 0
14.50, 0
14.51, 0
14.52, 1
14.53, 1
14.54, 0
14.55, 0
14.56, 1
14.57, 1
14.58, 0
14.59, 1
14.60, 1
14.61, 1
14.62, 1
14.63, 0
14.64, 2
14.65, 0
14.66, 0
14.67, 1
14.68, 0
14.69, 1
14.70, 0
14.71, 0
14.72, 0
14.73, 0
14.74, 0
14.75, 0
14.76, 1
14.77, 0
14.78, 0
14.79, 2
14.80, 0
14.81, 0
14.82, 0
14.83, 0
14.84, 1
14.85, 1
14.86, 1
14.87, 0
14.88, 0
14.89, 1
14.90, 0
14.91, 1
14.92, 1
14.93, 2
14.94, 4
14.95, 0
14.96, 0
14.97, 2
14.98, 1
14.99, 0
15.00, 1
15.01, 0
15.02, 1
15.03, 0
15.04, 0
15.05, 0
15.06, 1
15.07, 0
15.08, 1
15.09, 1
15.10, 0
15.11, 0
15.12, 0
15.13, 0
15.14, 0
15.15, 1
15.16, 2
15.17, 0
15.18, 0
15.19, 1
15.20, 0
15.21, 0
15.22, 2
15.23, 1
15.24, 0
15.25, 2
15.26, 0
15.27, 0
15.28, 2
15.29, 0
15.30, 0
15.31, 1
15.32, 0
15.33, 0
15.34, 1
15.35, 2
15.36, 0
15.37, 0
15.38, 0
15.39, 0
15.40, 1
15.41, 1
15.42, 0
15.43, 0
15.44, 2
15.45, 1
15.46, 0
15.47, 0
15.48, 0
15.49, 1
15.50, 0
15.51, 1
15.52, 1
15.53, 0
15.54, 0
15.55, 1
15.56, 2
15.57, 1
15.58, 0
15.59, 0
15.60, 1
15.61, 1
15.62, 0
15.63, 0
15.64, 1
15.65, 1
15.66, 0
15.67, 0
15.68, 0
15.69, 0
15.70, 0
15.71, 0
15.72, 1
15.73, 0
15.74, 2
15.75, 2
15.76, 2
15.77, 0
15.78, 1
15.79, 1
15.80, 0
15.81, 1
15.82, 0
15.83, 0
15.84, 1
15.85, 1
15.86, 2
15.87, 1
15.88, 1
15.89, 0
15.90, 0
15.91, 0
15.92, 0
15.93, 0
15.94, 0
15.95, 2
15.96, 0
15.97, 1
15.98, 0
15.99, 2
16.00, 1
16.01, 0
16.02, 0
16.03, 0
16.04, 1
16.05, 0
16.06, 1
16.07, 2
16.08, 2
16.09, 1
16.10, 1
16.11, 0
16.12, 0
16.13, 1
16.14, 1
16.15, 0
16.16, 1
16.17, 0
16.18, 1
16.19, 0
16.20, 2
16.21, 1
16.22, 0
16.23, 0
16.24, 0
16.25, 0
16.26, 0
16.27, 0
16.28, 0
16.29, 0
16.30, 0
16.31, 0
16.32, 0
16.33, 0
16.34, 0
16.35, 1
16.36, 0
16.37, 0
16.38, 0
16.39, 0
16.40, 1
16.41, 0
16.42, 0
16.43, 0
16.44, 1
16.45, 0
16.46, 0
16.47, 0
16.48, 0
16.49, 0
16.50, 0
16.51, 1
16.52, 0
16.53, 1
16.54, 0
16.55, 0
16.56, 2
16.57, 1
16.58, 1
16.59, 0
16.60, 1
16.61, 0
16.62, 0
16.63, 1
16.64, 0
16.65, 0
16.66, 0
16.67, 0
16.68, 1
16.69, 1
16.70, 0
16.71, 1
16.72, 0
16.73, 0
16.74, 0
16.75, 2
16.76, 0
16.77, 0
16.78, 0
16.79, 0
16.80, 0
16.81, 1
16.82, 1
16.83, 1
16.84, 1
16.85, 1
16.86, 1
16.87, 0
16.88, 0
16.89, 0
16.90, 0
16.91, 1
16.92, 1
16.93, 0
16.94, 0
16.95, 0
16.96, 0
16.97, 0
16.98, 0
16.99, 0
17.00, 1
17.01, 0
17.02, 0
17.03, 0
17.04, 0
17.05, 0
17.06, 0
17.07, 0
17.08, 0
17.09, 0
17.10, 0
17.11, 0
17.12, 0
17.13, 0
17.14, 0
17.15, 0
17.16, 1
17.17, 0
17.18, 1
17.19, 1
17.20, 0
17.21, 0
17.22, 1
17.23, 0
17.24, 0
17.25, 1
17.26, 0
17.27, 0
17.28, 0
17.29, 0
17.30, 0
17.31, 0
17.32, 1
17.33, 0
17.34, 0
17.35, 0
17.36, 0
17.37, 1
17.38, 0
17.39, 0
17.40, 0
17.41, 0
17.42, 0
17.43, 0
17.44, 0
17.45, 0
17.46, 1
17.47, 0
17.48, 0
17.49, 0
17.50, 1
17.51, 0
17.52, 0
17.53, 0
17.54, 0
17.55, 0
17.56, 0
17.57, 0
17.58, 0
17.59, 0
17.60, 0
17.61, 0
17.62, 0
17.63, 0
17.64, 1
17.65, 0
17.66, 0
17.67, 0
17.68, 0
17.69, 0
17.70, 0
17.71, 0
17.72, 0
17.73, 0
17.74, 0
17.75, 1
17.76, 0
17.77, 0
17.78, 0
17.79, 1
17.80, 0
17.81, 1
17.82, 0
17.83, 0
17.84, 0
17.85, 0
17.86, 0
17.87, 0
17.88, 0
17.89, 0
17.90, 0
17.91, 1
17.92, 1
17.93, 0
17.94, 1
17.95, 0
17.96, 0
17.97, 1
17.98, 1
17.99, 0
18.00, 0
18.01, 0
18.02, 0
18.03, 0
18.04, 0
18.05, 0
18.06, 0
18.07, 0
18.08, 0
18.09, 0
18.10, 0
18.11, 0
18.12, 0
18.13, 0
18.14, 1
18.15, 0
18.16, 0
18.17, 0
18.18, 0
18.19, 0
18.20, 0
18.21, 0
18.22, 0
18.23, 0
18.24, 0
18.25, 0
18.26, 0
18.27, 0
18.28, 0
18.29, 0
18.30, 0
18.31, 0
18.32, 0
18.33, 0
18.34, 0
18.35, 0
18.36, 0
18.37, 0
18.38, 0
18.39, 0
18.40, 1
18.41, 0
18.42, 0
18.43, 0
18.44, 0
18.45, 0
18.46, 1
18.47, 0
18.48, 0
18.49, 0
18.50, 0
18.51, 0
18.52, 0
18.53, 0
18.54, 0
18.55, 0
18.56, 0
18.57, 0
18.58, 0
18.59, 0
18.60, 0
18.61, 0
18.62, 0
18.63, 0
18.64, 0
18.65, 0
18.66, 0
18.67, 0
18.68, 0
18.69, 0
18.70, 0
18.71, 0
18.72, 0
18.73, 0
18.74, 0
18.75, 0
18.76, 0
18.77, 0
18.78, 0
18.79, 0
18.80, 0
18.81, 0
18.82, 0
18.83, 0
18.84, 0
18.85, 0
18.86, 0
18.87, 0
18.88, 0
18.89, 0
18.90, 0
18.91, 0
18.92, 0
18.93, 0
18.94, 0
18.95, 0
18.96, 0
18.97, 0
18.98, 0
18.99, 0
19.00, 0
19.01, 0
19.02, 0
19.03, 0
19.04, 0
19.05, 0
19.06, 0
19.07, 0
19.08, 0
19.09, 0
19.10, 0
19.11, 0
19.12, 0
19.13, 0
19.14, 0
19.15, 0
19.16, 0
19.17, 0
19.18, 0
19.19, 0
19.20, 0
19.21, 0
19.22, 0
19.23, 0
19.24, 0
19.25, 0
19.26, 0
19.27, 0
19.28, 0
19.29, 0
19.30, 0
19.31, 0
19.32, 0
19.33, 0
19.34, 0
19.35, 0
19.36, 0
19.37, 0
19.38, 0
19.39, 0
19.40, 0
19.41, 0
19.42, 0
19.43, 0
19.44, 0
19.45, 0
19.46, 0
19.47, 0
19.48, 0
19.49, 0
19.50, 0
19.51, 0
19.52, 0
19.53, 0
19.54, 0
19.55, 0
19.56, 0
19.57, 0
19.58, 0
19.59, 0
19.60, 0
19.61, 0
19.62, 0
19.63, 0
19.64, 0
19.65, 0
19.66, 0
19.67, 0
19.68, 0
19.69, 0
19.70, 0
19.71, 0
19.72, 0
19.73, 0
19.74, 0
19.75, 0
19.76, 0
19.77, 0
19.78, 0
19.79, 0
19.80, 0
19.81, 0
19.82, 0
19.83, 0
19.84, 0
19.85, 0
19.86, 0
19.87, 0
19.88, 0
19.89, 0
19.90, 0
19.91, 0
19.92, 0
19.93, 0
19.94, 0
19.95, 0
19.96, 0
19.97, 0
19.98, 0
19.99, 0
20.00, 0
20.01, 0
20.02, 0
20.03, 0
20.04, 0
20.05, 0
20.06, 0
20.07, 0
20.08, 0
20.09, 0
20.10, 0
20.11, 0
20.12, 0
20.13, 0
20.14, 0
20.15, 0
20.16, 0
20.17, 0
20.18, 0
20.19, 0
20.20, 0
20.21, 0
20.22, 0
20.23, 0
20.24, 0
20.25, 0
20.26, 0
20.27, 0
20.28, 0
20.29, 0
20.30, 0
20.31, 0
20.32, 0
20.33, 0
20.34, 0
20.35, 0
20.36, 0
20.37, 0
20.38, 0
20.39, 0
20.40, 0
20.41, 0
20.42, 0
20.43, 0
20.44, 0
20.45, 0
20.46, 0
20.47, 0
