0.00, 0
0.01, 0
0.02, 0
0.03, 0
0.04, 0
0.05, 0
0.06, 0
0.07, 40
0.08, 17
0.09, 5
0.10, 7
0.11, 5
0.12, 6
0.13, 5
0.14, 9
0.15, 5
0.16, 7
0.17, 5
0.18, 11
0.19, 10
0.20, 11
0.21, 17
0.22, 20
0.23, 51
0.24, 107
0.25, 179
0.26, 298
0.27, 357
0.28, 388
0.29, 338
0.30, 274
0.31, 150
0.32, 66
0.33, 44
0.34, 21
0.35, 21
0.36, 6
0.37, 17
0.38, 16
0.39, 12
0.40, 25
0.41, 21
0.42, 12
0.43, 15
0.44, 10
0.45, 11
0.46, 24
0.47, 37
0.48, 50
0.49, 80
0.50, 161
0.51, 221
0.52, 284
0.53, 326
0.54, 315
0.55, 235
0.56, 146
0.57, 84
0.58, 43
0.59, 10
0.60, 5
0.61, 5
0.62, 6
0.63, 8
0.64, 5
0.65, 4
0.66, 4
0.67, 3
0.68, 8
0.69, 4
0.70, 7
0.71, 10
0.72, 5
0.73, 7
0.74, 7
0.75, 6
0.76, 10
0.77, 16
0.78, 7
0.79, 4
0.80, 10
0.81, 15
0.82, 8
0.83, 9
0.84, 9
0.85, 8
0.86, 13
0.87, 5
0.88, 11
0.89, 6
0.90, 13
0.91, 8
0.92, 7
0.93, 12
0.94, 6
0.95, 12
0.96, 11
0.97, 18
0.98, 9
0.99, 8
1.00, 8
1.01, 7
1.02, 8
1.03, 11
1.04, 8
1.05, 13
1.06, 11
1.07, 14
1.08, 13
1.09, 15
1.10, 19
1.11, 6
1.12, 11
1.13, 12
1.14, 22
1.15, 14
1.16, 13
1.17, 15
1.18, 16
1.19, 14
1.20, 8
1.21, 21
1.22, 15
1.23, 16
1.24, 14
1.25, 27
1.26, 13
1.27, 16
1.28, 12
1.29, 14
1.30, 13
1.31, 22
1.32, 21
1.33, 15
1.34, 13
1.35, 15
1.36, 11
1.37, 17
1.38, 11
1.39, 16
1.40, 12
1.41, 10
1.42, 11
1.43, 18
1.44, 13
1.45, 18
1.46, 19
1.47, 17
1.48, 18
1.49, 14
1.50, 19
1.51, 17
1.52, 17
1.53, 17
1.54, 24
1.55, 16
1.56, 17
1.57, 12
1.58, 15
1.59, 14
1.60, 14
1.61, 14
1.62, 14
1.63, 18
1.64, 19
1.65, 13
1.66, 13
1.67, 9
1.68, 19
1.69, 25
1.70, 20
1.71, 12
1.72, 21
1.73, 15
1.74, 16
1.75, 19
1.76, 17
1.77, 17
1.78, 25
1.79, 18
1.80, 21
1.81, 17
1.82, 17
1.83, 22
1.84, 17
1.85, 13
1.86, 12
1.87, 15
1.88, 16
1.89, 17
1.90, 22
1.91, 16
1.92, 16
1.93, 18
1.94, 15
1.95, 19
1.96, 23
1.97, 13
1.98, 23
1.99, 34
2.00, 24
2.01, 25
2.02, 32
2.03, 37
2.04, 22
2.05, 28
2.06, 14
2.07, 20
2.08, 25
2.09, 17
2.10, 20
2.11, 18
2.12, 19
2.13, 8
2.14, 18
2.15, 18
2.16, 13
2.17, 21
2.18, 15
2.19, 12
2.20, 14
2.21, 17
2.22, 23
2.23, 18
2.24, 24
2.25, 17
2.26, 18
2.27, 23
2.28, 29
2.29, 27
2.30, 27
2.31, 25
2.32, 33
2.33, 38
2.34, 35
2.35, 28
2.36, 25
2.37, 21
2.38, 12
2.39, 27
2.40, 13
2.41, 10
2.42, 10
2.43, 13
2.44, 12
2.45, 11
2.46, 14
2.47, 16
2.48, 16
2.49, 9
2.50, 11
2.51, 15
2.52, 22
2.53, 5
2.54, 20
2.55, 11
2.56, 14
2.57, 22
2.58, 17
2.59, 25
2.60, 19
2.61, 28
2.62, 28
2.63, 26
2.64, 21
2.65, 28
2.66, 17
2.67, 25
2.68, 15
2.69, 25
2.70, 4
2.71, 14
2.72, 14
2.73, 8
2.74, 15
2.75, 10
2.76, 9
2.77, 5
2.78, 14
2.79, 12
2.80, 5
2.81, 9
2.82, 8
2.83, 19
2.84, 12
2.85, 12
2.86, 13
2.87, 8
2.88, 20
2.89, 9
2.90, 13
2.91, 10
2.92, 14
2.93, 11
2.94, 10
2.95, 7
2.96, 16
2.97, 12
2.98, 13
2.99, 5
3.00, 10
3.01, 9
3.02, 20
3.03, 10
3.04, 10
3.05, 13
3.06, 9
3.07, 11
3.08, 14
3.09, 12
3.10, 9
3.11, 7
3.12, 7
3.13, 7
3.14, 7
3.15, 14
3.16, 11
3.17, 13
3.18, 13
3.19, 12
3.20, 12
3.21, 12
3.22, 14
3.23, 8
3.24, 9
3.25, 13
3.26, 15
3.27, 14
3.28, 9
3.29, 9
3.30, 9
3.31, 15
3.32, 9
3.33, 11
3.34, 11
3.35, 9
3.36, 12
3.37, 10
3.38, 7
3.39, 19
3.40, 11
3.41, 11
3.42, 9
3.43, 17
3.44, 13
3.45, 6
3.46, 7
3.47, 6
3.48, 9
3.49, 13
3.50, 8
3.51, 8
3.52, 14
3.53, 13
3.54, 20
3.55, 11
3.56, 20
3.57, 19
3.58, 22
3.59, 28
3.60, 41
3.61, 60
3.62, 73
3.63, 147
3.64, 194
3.65, 240
3.66, 335
3.67, 383
3.68, 465
3.69, 473
3.70, 562
3.71, 494
3.72, 498
3.73, 391
3.74, 355
3.75, 278
3.76, 236
3.77, 151
3.78, 110
3.79, 86
3.80, 50
3.81, 30
3.82, 24
3.83, 17
3.84, 14
3.85, 11
3.86, 5
3.87, 17
3.88, 11
3.89, 7
3.90, 10
3.91, 7
3.92, 13
3.93, 12
3.94, 14
3.95, 27
3.96, 38
3.97, 37
3.98, 41
3.99, 50
4.00, 84
4.01, 69
4.02, 49
4.03, 64
4.04, 69
4.05, 49
4.06, 58
4.07, 46
4.08, 40
4.09, 26
4.10, 26
4.11, 16
4.12, 16
4.13, 12
4.14, 8
4.15, 11
4.16, 10
4.17, 9
4.18, 9
4.19, 7
4.20, 4
4.21, 14
4.22, 6
4.23, 9
4.24, 8
4.25, 3
4.26, 10
4.27, 7
4.28, 3
4.29, 7
4.30, 9
4.31, 10
4.32, 6
4.33, 8
4.34, 6
4.35, 9
4.36, 13
4.37, 4
4.38, 10
4.39, 10
4.40, 7
4.41, 9
4.42, 9
4.43, 6
4.44, 2
4.45, 5
4.46, 4
4.47, 4
4.48, 9
4.49, 6
4.50, 6
4.51, 3
4.52, 5
4.53, 8
4.54, 6
4.55, 4
4.56, 7
4.57, 7
4.58, 7
4.59, 5
4.60, 7
4.61, 5
4.62, 3
4.63, 10
4.64, 1
4.65, 3
4.66, 7
4.67, 6
4.68, 4
4.69, 4
4.70, 3
4.71, 4
4.72, 4
4.73, 5
4.74, 12
4.75, 5
4.76, 7
4.77, 8
4.78, 7
4.79, 5
4.80, 4
4.81, 3
4.82, 8
4.83, 5
4.84, 2
4.85, 4
4.86, 6
4.87, 8
4.88, 10
4.89, 4
4.90, 5
4.91, 8
4.92, 6
4.93, 9
4.94, 3
4.95, 0
4.96, 4
4.97, 4
4.98, 7
4.99, 2
5.00, 5
5.01, 7
5.02, 3
5.03, 5
5.04, 8
5.05, 4
5.06, 3
5.07, 4
5.08, 9
5.09, 8
5.10, 8
5.11, 5
5.12, 8
5.13, 6
5.14, 8
5.15, 9
5.16, 5
5.17, 3
5.18, 1
5.19, 4
5.20, 6
5.21, 4
5.22, 4
5.23, 8
5.24, 8
5.25, 4
5.26, 6
5.27, 3
5.28, 4
5.29, 5
5.30, 4
5.31, 2
5.32, 6
5.33, 3
5.34, 4
5.35, 3
5.36, 7
5.37, 3
5.38, 5
5.39, 9
5.40, 4
5.41, 7
5.42, 5
5.43, 4
5.44, 6
5.45, 2
5.46, 4
5.47, 5
5.48, 3
5.49, 4
5.50, 9
5.51, 3
5.52, 6
5.53, 5
5.54, 2
5.55, 10
5.56, 6
5.57, 5
5.58, 9
5.59, 5
5.60, 2
5.61, 5
5.62, 0
5.63, 4
5.64, 3
5.65, 6
5.66, 3
5.67, 5
5.68, 9
5.69, 4
5.70, 3
5.71, 1
5.72, 3
5.73, 6
5.74, 3
5.75, 2
5.76, 7
5.77, 8
5.78, 1
5.79, 7
5.80, 4
5.81, 8
5.82, 4
5.83, 3
5.84, 4
5.85, 6
5.86, 5
5.87, 5
5.88, 5
5.89, 4
5.90, 4
5.91, 4
5.92, 5
5.93, 7
5.94, 3
5.95, 3
5.96, 6
5.97, 3
5.98, 4
5.99, 3
6.00, 2
6.01, 2
6.02, 4
6.03, 4
6.04, 0
6.05, 3
6.06, 2
6.07, 2
6.08, 5
6.09, 2
6.10, 4
6.11, 7
6.12, 3
6.13, 3
6.14, 5
6.15, 1
6.16, 3
6.17, 4
6.18, 3
6.19, 3
6.20, 8
6.21, 5
6.22, 2
6.23, 3
6.24, 4
6.25, 4
6.26, 4
6.27, 6
6.28, 1
6.29, 1
6.30, 6
6.31, 3
6.32, 3
6.33, 2
6.34, 5
6.35, 3
6.36, 1
6.37, 5
6.38, 3
6.39, 3
6.40, 4
6.41, 6
6.42, 8
6.43, 2
6.44, 4
6.45, 2
6.46, 4
6.47, 6
6.48, 0
6.49, 1
6.50, 4
6.51, 8
6.52, 4
6.53, 3
6.54, 5
6.55, 5
6.56, 4
6.57, 6
6.58, 4
6.59, 4
6.60, 2
6.61, 1
6.62, 5
6.63, 4
6.64, 2
6.65, 1
6.66, 5
6.67, 3
6.68, 2
6.69, 5
6.70, 5
6.71, 1
6.72, 7
6.73, 3
6.74, 3
6.75, 4
6.76, 1
6.77, 5
6.78, 0
6.79, 1
6.80, 8
6.81, 3
6.82, 2
6.83, 3
6.84, 2
6.85, 7
6.86, 4
6.87, 4
6.88, 5
6.89, 2
6.90, 5
6.91, 3
6.92, 3
6.93, 3
6.94, 2
6.95, 2
6.96, 2
6.97, 3
6.98, 2
6.99, 6
7.00, 4
7.01, 3
7.02, 3
7.03, 3
7.04, 2
7.05, 8
7.06, 3
7.07, 2
7.08, 6
7.09, 2
7.10, 2
7.11, 2
7.12, 3
7.13, 2
7.14, 4
7.15, 1
7.16, 3
7.17, 4
7.18, 3
7.19, 3
7.20, 4
7.21, 2
7.22, 1
7.23, 3
7.24, 4
7.25, 2
7.26, 4
7.27, 3
7.28, 3
7.29, 4
7.30, 3
7.31, 2
7.32, 0
7.33, 3
7.34, 2
7.35, 3
7.36, 0
7.37, 4
7.38, 5
7.39, 2
7.40, 3
7.41, 2
7.42, 3
7.43, 3
7.44, 3
7.45, 0
7.46, 2
7.47, 4
7.48, 4
7.49, 0
7.50, 2
7.51, 4
7.52, 2
7.53, 2
7.54, 3
7.55, 3
7.56, 2
7.57, 3
7.58, 2
7.59, 5
7.60, 2
7.61, 4
7.62, 3
7.63, 4
7.64, 4
7.65, 2
7.66, 3
7.67, 2
7.68, 5
7.69, 0
7.70, 4
7.71, 4
7.72, 1
7.73, 2
7.74, 2
7.75, 3
7.76, 2
7.77, 0
7.78, 3
7.79, 2
7.80, 3
7.81, 5
7.82, 3
7.83, 3
7.84, 3
7.85, 3
7.86, 1
7.87, 3
7.88, 0
7.89, 2
7.90, 1
7.91, 2
7.92, 3
7.93, 3
7.94, 2
7.95, 0
7.96, 0
7.97, 2
7.98, 2
7.99, 4
8.00, 1
8.01, 2
8.02, 3
8.03, 4
8.04, 2
8.05, 3
8.06, 1
8.07, 5
8.08, 3
8.09, 5
8.10, 1
8.11, 1
8.12, 2
8.13, 1
8.14, 4
8.15, 2
8.16, 3
8.17, 1
8.18, 2
8.19, 2
8.20, 4
8.21, 2
8.22, 3
8.23, 3
8.24, 4
8.25, 2
8.26, 2
8.27, 2
8.28, 1
8.29, 1
8.30, 1
8.31, 3
8.32, 3
8.33, 3
8.34, 1
8.35, 0
8.36, 0
8.37, 1
8.38, 3
8.39, 1
8.40, 1
8.41, 1
8.42, 0
8.43, 1
8.44, 1
8.45, 1
8.46, 0
8.47, 3
8.48, 1
8.49, 1
8.50, 1
8.51, 1
8.52, 2
8.53, 3
8.54, 0
8.55, 2
8.56, 1
8.57, 5
8.58, 1
8.59, 1
8.60, 1
8.61, 1
8.62, 1
8.63, 1
8.64, 0
8.65, 1
8.66, 1
8.67, 3
8.68, 0
8.69, 1
8.70, 1
8.71, 1
8.72, 4
8.73, 5
8.74, 1
8.75, 3
8.76, 2
8.77, 4
8.78, 0
8.79, 3
8.80, 1
8.81, 3
8.82, 1
8.83, 1
8.84, 2
8.85, 2
8.86, 3
8.87, 5
8.88, 2
8.89, 2
8.90, 4
8.91, 0
8.92, 4
8.93, 2
8.94, 1
8.95, 3
8.96, 0
8.97, 2
8.98, 1
8.99, 3
9.00, 1
9.01, 1
9.02, 2
9.03, 2
9.04, 3
9.05, 0
9.06, 2
9.07, 3
9.08, 1
9.09, 2
9.10, 2
9.11, 2
9.12, 1
9.13, 3
9.14, 1
9.15, 1
9.16, 1
9.17, 0
9.18, 3
9.19, 3
9.20, 1
9.21, 4
9.22, 0
9.23, 5
9.24, 4
9.25, 1
9.26, 3
9.27, 2
9.28, 4
9.29, 1
9.30, 3
9.31, 1
9.32, 1
9.33, 0
9.34, 0
9.35, 3
9.36, 3
9.37, 5
9.38, 0
9.39, 1
9.40, 1
9.41, 0
9.42, 2
9.43, 1
9.44, 0
9.45, 0
9.46, 0
9.47, 1
9.48, 1
9.49, 0
9.50, 0
9.51, 1
9.52, 2
9.53, 1
9.54, 4
9.55, 2
9.56, 2
9.57, 0
9.58, 1
9.59, 2
9.60, 2
9.61, 1
9.62, 1
9.63, 2
9.64, 2
9.65, 2
9.66, 3
9.67, 1
9.68, 1
9.69, 0
9.70, 0
9.71, 1
9.72, 4
9.73, 3
9.74, 0
9.75, 0
9.76, 0
9.77, 3
9.78, 0
9.79, 4
9.80, 1
9.81, 1
9.82, 1
9.83, 0
9.84, 3
9.85, 0
9.86, 3
9.87, 2
9.88, 1
9.89, 2
9.90, 1
9.91, 2
9.92, 3
9.93, 0
9.94, 3
9.95, 1
9.96, 1
9.97, 2
9.98, 1
9.99, 1
10.00, 3
10.01, 3
10.02, 3
10.03, 1
10.04, 2
10.05, 2
10.06, 0
10.07, 1
10.08, 2
10.09, 1
10.10, 1
10.11, 2
10.12, 2
10.13, 1
10.14, 2
10.15, 3
10.16, 1
10.17, 2
10.18, 1
10.19, 1
10.20, 1
10.21, 2
10.22, 3
10.23, 0
10.24, 1
10.25, 1
10.26, 1
10.27, 0
10.28, 0
10.29, 1
10.30, 3
10.31, 0
10.32, 1
10.33, 0
10.34, 1
10.35, 1
10.36, 1
10.37, 2
10.38, 1
10.39, 0
10.40, 1
10.41, 0
10.42, 2
10.43, 1
10.44, 0
10.45, 1
10.46, 2
10.47, 0
10.48, 0
10.49, 0
10.50, 0
10.51, 0
10.52, 2
10.53, 3
10.54, 4
10.55, 1
10.56, 1
10.57, 1
10.58, 1
10.59, 1
10.60, 3
10.61, 0
10.62, 1
10.63, 0
10.64, 1
10.65, 4
10.66, 1
10.67, 3
10.68, 1
10.69, 5
10.70, 2
10.71, 0
10.72, 1
10.73, 0
10.74, 0
10.75, 0
10.76, 1
10.77, 0
10.78, 1
10.79, 0
10.80, 0
10.81, 1
10.82, 0
10.83, 1
10.84, 1
10.85, 0
10.86, 2
10.87, 0
10.88, 1
10.89, 1
10.90, 1
10.91, 0
10.92, 0
10.93, 1
10.94, 0
10.95, 1
10.96, 2
10.97, 1
10.98, 3
10.99, 3
11.00, 0
11.01, 2
11.02, 1
11.03, 2
11.04, 0
11.05, 3
11.06, 3
11.07, 0
11.08, 3
11.09, 0
11.10, 0
11.11, 0
11.12, 1
11.13, 1
11.14, 0
11.15, 0
11.16, 0
11.17, 1
11.18, 2
11.19, 0
11.20, 3
11.21, 0
11.22, 2
11.23, 2
11.24, 1
11.25, 0
11.26, 2
11.27, 0
11.28, 1
11.29, 1
11.30, 0
11.31, 1
11.32, 0
11.33, 1
11.34, 0
11.35, 4
11.36, 2
11.37, 0
11.38, 2
11.39, 1
11.40, 1
11.41, 1
11.42, 1
11.43, 1
11.44, 0
11.45, 1
11.46, 0
11.47, 0
11.48, 0
11.49, 1
11.50, 1
11.51, 1
11.52, 1
11.53, 0
11.54, 0
11.55, 0
11.56, 1
11.57, 0
11.58, 0
11.59, 1
11.60, 1
11.61, 0
11.62, 0
11.63, 2
11.64, 1
11.65, 0
11.66, 0
11.67, 1
11.68, 1
11.69, 0
11.70, 3
11.71, 0
11.72, 1
11.73, 0
11.74, 2
11.75, 1
11.76, 0
11.77, 1
11.78, 1
11.79, 1
11.80, 2
11.81, 4
11.82, 2
11.83, 0
11.84, 1
11.85, 2
11.86, 1
11.87, 0
11.88, 1
11.89, 0
11.90, 0
11.91, 0
11.92, 0
11.93, 2
11.94, 0
11.95, 0
11.96, 0
11.97, 1
11.98, 1
11.99, 0
12.00, 0
12.01, 1
12.02, 0
12.03, 3
12.04, 1
12.05, 0
12.06, 1
12.07, 1
12.08, 0
12.09, 1
12.10, 0
12.11, 0
12.12, 0
12.13, 1
12.14, 0
12.15, 0
12.16, 0
12.17, 1
12.18, 0
12.19, 1
12.20, 0
12.21, 2
12.22, 2
12.23, 2
12.24, 1
12.25, 0
12.26, 0
12.27, 1
12.28, 1
12.29, 0
12.30, 0
12.31, 0
12.32, 1
12.33, 0
12.34, 0
12.35, 0
12.36, 0
12.37, 1
12.38, 1
12.39, 2
12.40, 1
12.41, 0
12.42, 1
12.43, 0
12.44, 1
12.45, 1
12.46, 0
12.47, 0
12.48, 1
12.49, 1
12.50, 1
12.51, 1
12.52, 1
12.53, 0
12.54, 0
12.55, 1
12.56, 0
12.57, 1
12.58, 0
12.59, 0
12.60, 0
12.61, 1
12.62, 0
12.63, 0
12.64, 1
12.65, 1
12.66, 1
12.67, 1
12.68, 0
12.69, 0
12.70, 1
12.71, 0
12.72, 1
12.73, 0
12.74, 0
12.75, 3
12.76, 1
12.77, 0
12.78, 0
12.79, 1
12.80, 1
12.81, 2
12.82, 0
12.83, 2
12.84, 0
12.85, 0
12.86, 0
12.87, 1
12.88, 1
12.89, 2
12.90, 0
12.91, 0
12.92, 0
12.93, 0
12.94, 0
12.95, 1
12.96, 1
12.97, 0
12.98, 0
12.99, 0
13.00, 2
13.01, 0
13.02, 1
13.03, 0
13.04, 0
13.05, 0
13.06, 2
13.07, 1
13.08, 1
13.09, 0
13.10, 1
13.11, 0
13.12, 0
13.13, 1
13.14, 1
13.15, 0
13.16, 0
13.17, 0
13.18, 0
13.19, 0
13.20, 0
13.21, 3
13.22, 1
13.23, 1
13.24, 0
13.25, 0
13.26, 0
13.27, 1
13.28, 0
13.29, 1
13.30, 0
13.31, 0
13.32, 2
13.33, 0
13.34, 0
13.35, 0
13.36, 1
13.37, 0
13.38, 0
13.39, 2
13.40, 0
13.41, 0
13.42, 0
13.43, 0
13.44, 1
13.45, 2
13.46, 0
13.47, 0
13.48, 1
13.49, 2
13.50, 1
13.51, 0
13.52, 0
13.53, 1
13.54, 0
13.55, 0
13.56, 1
13.57, 1
13.58, 1
13.59, 0
13.60, 2
13.61, 0
13.62, 1
13.63, 0
13.64, 2
13.65, 0
13.66, 1
13.67, 0
13.68, 1
13.69, 0
13.70, 0
13.71, 2
13.72, 0
13.73, 0
13.74, 0
13.75, 0
13.76, 0
13.77, 0
13.78, 0
13.79, 1
13.80, 0
13.81, 0
13.82, 0
13.83, 0
13.84, 0
13.85, 0
13.86, 0
13.87, 1
13.88, 1
13.89, 0
13.90, 0
13.91, 0
13.92, 0
13.93, 1
13.94, 1
13.95, 1
13.96, 0
13.97, 0
13.98, 2
13.99, 1
14.00, 1
14.01, 0
14.02, 2
14.03, 0
14.04, 1
14.05, 0
14.06, 1
14.07, 0
14.08, 0
14.09, 0
14.10, 0
14.11, 0
14.12, 0
14.13, 0
14.14, 0
14.15, 1
14.16, 0
14.17, 0
14.18, 0
14.19, 0
14.20, 0
14.21, 1
14.22, 1
14.23, 1
14.24, 0
14.25, 0
14.26, 0
14.27, 1
14.28, 0
14.29, 0
14.30, 2
14.31, 0
14.32, 0
14.33, 1
14.34, 0
14.35, 0
14.36, 0
14.37, 1
14.38, 1
14.39, 0
14.40, 1
14.41, 1
14.42, 2
14.43, 1
14.44, 0
14.45, 1
14.46, 1
14.47, 0
14.48, 0
14.49, 0
14.50, 0
14.51, 0
14.52, 0
14.53, 0
14.54, 1
14.55, 0
14.56, 0
14.57, 2
14.58, 1
14.59, 0
14.60, 1
14.61, 0
14.62, 0
14.63, 1
14.64, 0
14.65, 1
14.66, 1
14.67, 0
14.68, 0
14.69, 0
14.70, 0
14.71, 0
14.72, 1
14.73, 0
14.74, 1
14.75, 0
14.76, 0
14.77, 1
14.78, 0
14.79, 1
14.80, 1
14.81, 0
14.82, 0
14.83, 0
14.84, 0
14.85, 0
14.86, 0
14.87, 0
14.88, 0
14.89, 0
14.90, 1
14.91, 0
14.92, 1
14.93, 1
14.94, 0
14.95, 0
14.96, 0
14.97, 0
14.98, 0
14.99, 1
15.00, 1
15.01, 0
15.02, 0
15.03, 0
15.04, 0
15.05, 0
15.06, 0
15.07, 1
15.08, 1
15.09, 0
15.10, 0
15.11, 0
15.12, 0
15.13, 1
15.14, 0
15.15, 0
15.16, 0
15.17, 0
15.18, 0
15.19, 1
15.20, 0
15.21, 0
15.22, 0
15.23, 0
15.24, 0
15.25, 0
15.26, 0
15.27, 0
15.28, 0
15.29, 1
15.30, 1
15.31, 0
15.32, 0
15.33, 1
15.34, 0
15.35, 0
15.36, 0
15.37, 0
15.38, 1
15.39, 0
15.40, 0
15.41, 1
15.42, 0
15.43, 0
15.44, 0
15.45, 0
15.46, 0
15.47, 0
15.48, 1
15.49, 0
15.50, 0
15.51, 0
15.52, 0
15.53, 0
15.54, 0
15.55, 0
15.56, 0
15.57, 0
15.58, 0
15.59, 1
15.60, 0
15.61, 0
15.62, 0
15.63, 0
15.64, 0
15.65, 1
15.66, 0
15.67, 1
15.68, 0
15.69, 0
15.70, 0
15.71, 0
15.72, 0
15.73, 0
15.74, 0
15.75, 0
15.76, 0
15.77, 0
15.78, 0
15.79, 0
15.80, 0
15.81, 0
15.82, 0
15.83, 0
15.84, 1
15.85, 0
15.86, 0
15.87, 0
15.88, 0
15.89, 0
15.90, 0
15.91, 0
15.92, 0
15.93, 1
15.94, 0
15.95, 0
15.96, 1
15.97, 0
15.98, 0
15.99, 0
16.00, 0
16.01, 0
16.02, 0
16.03, 0
16.04, 0
16.05, 0
16.06, 1
16.07, 0
16.08, 0
16.09, 0
16.10, 0
16.11, 0
16.12, 0
16.13, 0
16.14, 0
16.15, 0
16.16, 0
16.17, 0
16.18, 0
16.19, 0
16.20, 0
16.21, 0
16.22, 0
16.23, 0
16.24, 1
16.25, 0
16.26, 0
16.27, 0
16.28, 0
16.29, 0
16.30, 0
16.31, 2
16.32, 0
16.33, 0
16.34, 0
16.35, 0
16.36, 1
16.37, 0
16.38, 0
16.39, 0
16.40, 0
16.41, 0
16.42, 0
16.43, 0
16.44, 0
16.45, 0
16.46, 0
16.47, 1
16.48, 0
16.49, 0
16.50, 0
16.51, 0
16.52, 0
16.53, 0
16.54, 0
16.55, 0
16.56, 0
16.57, 0
16.58, 0
16.59, 0
16.60, 0
16.61, 0
16.62, 0
16.63, 0
16.64, 0
16.65, 0
16.66, 0
16.67, 0
16.68, 0
16.69, 2
16.70, 0
16.71, 0
16.72, 0
16.73, 0
16.74, 0
16.75, 0
16.76, 0
16.77, 0
16.78, 0
16.79, 0
16.80, 0
16.81, 0
16.82, 0
16.83, 0
16.84, 0
16.85, 0
16.86, 1
16.87, 0
16.88, 0
16.89, 0
16.90, 0
16.91, 0
16.92, 0
16.93, 0
16.94, 0
16.95, 0
16.96, 0
16.97, 0
16.98, 0
16.99, 0
17.00, 0
17.01, 0
17.02, 0
17.03, 0
17.04, 0
17.05, 0
17.06, 0
17.07, 0
17.08, 1
17.09, 0
17.10, 0
17.11, 0
17.12, 0
17.13, 0
17.14, 0
17.15, 0
17.16, 0
17.17, 0
17.18, 0
17.19, 0
17.20, 0
17.21, 0
17.22, 0
17.23, 0
17.24, 0
17.25, 0
17.26, 0
17.27, 0
17.28, 0
17.29, 0
17.30, 0
17.31, 0
17.32, 0
17.33, 1
17.34, 0
17.35, 0
17.36, 0
17.37, 0
17.38, 0
17.39, 0
17.40, 0
17.41, 0
17.42, 0
17.43, 0
17.44, 0
17.45, 0
17.46, 0
17.47, 0
17.48, 0
17.49, 0
17.50, 0
17.51, 0
17.52, 0
17.53, 0
17.54, 0
17.55, 0
17.56, 0
17.57, 0
17.58, 0
17.59, 0
17.60, 0
17.61, 0
17.62, 0
17.63, 0
17.64, 0
17.65, 0
17.66, 0
17.67, 0
17.68, 0
17.69, 0
17.70, 1
17.71, 0
17.72, 0
17.73, 0
17.74, 0
17.75, 0
17.76, 0
17.77, 0
17.78, 0
17.79, 0
17.80, 0
17.81, 1
17.82, 0
17.83, 0
17.84, 0
17.85, 0
17.86, 0
17.87, 0
17.88, 0
17.89, 0
17.90, 0
17.91, 0
17.92, 0
17.93, 0
17.94, 0
17.95, 0
17.96, 0
17.97, 0
17.98, 0
17.99, 0
18.00, 1
18.01, 0
18.02, 1
18.03, 0
18.04, 0
18.05, 0
18.06, 0
18.07, 0
18.08, 0
18.09, 0
18.10, 0
18.11, 1
18.12, 0
18.13, 0
18.14, 0
18.15, 0
18.16, 0
18.17, 0
18.18, 0
18.19, 0
18.20, 0
18.21, 0
18.22, 0
18.23, 0
18.24, 0
18.25, 0
18.26, 1
18.27, 0
18.28, 0
18.29, 0
18.30, 0
18.31, 0
18.32, 0
18.33, 0
18.34, 0
18.35, 0
18.36, 0
18.37, 0
18.38, 0
18.39, 0
18.40, 0
18.41, 0
18.42, 0
18.43, 0
18.44, 0
18.45, 0
18.46, 0
18.47, 0
18.48, 0
18.49, 0
18.50, 1
18.51, 0
18.52, 0
18.53, 0
18.54, 0
18.55, 0
18.56, 0
18.57, 0
18.58, 0
18.59, 0
18.60, 0
18.61, 0
18.62, 0
18.63, 0
18.64, 0
18.65, 0
18.66, 0
18.67, 0
18.68, 0
18.69, 0
18.70, 0
18.71, 0
18.72, 0
18.73, 0
18.74, 0
18.75, 0
18.76, 0
18.77, 0
18.78, 0
18.79, 0
18.80, 0
18.81, 0
18.82, 0
18.83, 0
18.84, 0
18.85, 0
18.86, 0
18.87, 0
18.88, 0
18.89, 0
18.90, 0
18.91, 0
18.92, 0
18.93, 0
18.94, 0
18.95, 0
18.96, 0
18.97, 0
18.98, 0
18.99, 0
19.00, 0
19.01, 0
19.02, 0
19.03, 0
19.04, 0
19.05, 0
19.06, 0
19.07, 0
19.08, 0
19.09, 0
19.10, 0
19.11, 0
19.12, 0
19.13, 0
19.14, 0
19.15, 0
19.16, 0
19.17, 0
19.18, 0
19.19, 0
19.20, 0
19.21, 0
19.22, 0
19.23, 0
19.24, 0
19.25, 0
19.26, 0
19.27, 0
19.28, 0
19.29, 0
19.30, 0
19.31, 0
19.32, 0
19.33, 0
19.34, 0
19.35, 0
19.36, 0
19.37, 0
19.38, 0
19.39, 0
19.40, 0
19.41, 0
19.42, 0
19.43, 0
19.44, 0
19.45, 0
19.46, 0
19.47, 0
19.48, 0
19.49, 0
19.50, 0
19.51, 0
19.52, 0
19.53, 0
19.54, 0
19.55, 0
19.56, 0
19.57, 0
19.58, 0
19.59, 0
19.60, 0
19.61, 0
19.62, 0
19.63, 0
19.64, 0
19.65, 0
19.66, 0
19.67, 0
19.68, 0
19.69, 0
19.70, 0
19.71, 0
19.72, 0
19.73, 0
19.74, 0
19.75, 0
19.76, 0
19.77, 0
19.78, 0
19.79, 0
19.80, 0
19.81, 0
19.82, 0
19.83, 0
19.84, 0
19.85, 0
19.86, 0
19.87, 0
19.88, 0
19.89, 0
19.90, 0
19.91, 0
19.92, 0
19.93, 0
19.94, 0
19.95, 0
19.96, 0
19.97, 0
19.98, 0
19.99, 0
20.00, 0
20.01, 0
20.02, 0
20.03, 0
20.04, 0
20.05, 0
20.06, 0
20.07, 0
20.08, 0
20.09, 0
20.10, 0
20.11, 0
20.12, 0
20.13, 0
20.14, 0
20.15, 0
20.16, 0
20.17, 0
20.18, 0
20.19, 0
20.20, 0
20.21, 0
20.22, 0
20.23, 0
20.24, 0
20.25, 0
20.26, 0
20.27, 0
20.28, 0
20.29, 0
20.30, 0
20.31, 0
20.32, 0
20.33, 0
20.34, 0
20.35, 0
20.36, 0
20.37, 0
20.38, 0
20.39, 0
20.40, 0
20.41, 0
20.42, 0
20.43, 0
20.44, 0
20.45, 0
20.46, 0
20.47, 0
